id,name,base_price,category,type,description,pillar_shop,pillar_celebrate,pillar_dine,pillar_stay,pillar_travel,pillar_care,pillar_enjoy,pillar_fit,pillar_learn,pillar_paperwork,pillar_advisory,pillar_emergency,pillar_farewell,pillar_adopt
svc-fit-15e96e63,Fitness Assessment & Programme Design,2499,assessment,service,"Comprehensive fitness evaluation including body condition scoring, mobility assessment, and personalised exercise programme design.",Y,,,,,Y,,Y,,,,,,
svc-fit-85322381,Personal Training Programme - 8 Weeks,7999,training,service,One-on-one training sessions with a certified canine fitness trainer. Includes home exercises and weekly progress reviews.,Y,,,,,Y,,Y,Y,,,,,
svc-fit-6772e766,Weight Management Programme,5999,weight,service,"Structured weight loss or gain programme with nutrition planning, exercise routines, and regular weigh-ins.",Y,,Y,,,Y,,Y,,,,,,
svc-fit-a6d208d2,Hydrotherapy Sessions,1499,therapy,service,"Water-based therapy sessions for rehabilitation, fitness, or senior mobility. Supervised by trained hydrotherapists.",Y,,,,,Y,,Y,,,,,,
svc-fit-314163ce,Senior Mobility Programme,4999,senior,service,"Gentle exercise programme designed for senior dogs. Focus on maintaining mobility, joint health, and quality of life.",Y,,,,,,,Y,,,,,,
svc-fit-2b0721c5,Puppy Development Programme,3999,puppy,service,Age-appropriate fitness activities for puppies. Build healthy exercise habits and proper physical development.,Y,,,,,,,Y,,,,,,
svc-fit-c4ff6597,Agility Foundation Course,4499,agility,service,"Introduction to agility training. Learn basic obstacles, commands, and course navigation in a fun environment.",Y,,,,,,Y,Y,Y,,,,,
svc-fit-b3b39dbe,Canine Yoga (Doga) Session,799,wellness,service,"Relaxing yoga session with your dog. Great for bonding, flexibility, and stress relief for both pet and parent.",Y,,,,,Y,,Y,,,,,,
svc-celebrate-party,Birthday Party Planning,,party,,Complete party coordination,Y,Y,,,,,Y,,,,Y,,,
svc-celebrate-gotcha,Gotcha Day Celebration,,gotcha,,Celebrate your pet's adoption anniversary with a special gotcha day package.,Y,Y,,,,,,,,,,,,
svc-celebrate-surprise,Surprise Delivery Service,1499,surprise,,Send surprise treats and gifts to any pet parent! We deliver joy anywhere.,Y,Y,,,,,,,,,,,,
svc-stay-concierge,Stay Concierge,,,,Find perfect pet-friendly accommodation,Y,,,Y,,,,,,,,,,
svc-stay-premium,Premium Boarding Setup,,,,Custom boarding arrangement,Y,,,Y,,Y,,,,,,,,
svc-travel-planning,Travel Planning,,,,Complete travel coordination,Y,,,,Y,,,,,,Y,,,
svc-travel-relocation,Relocation Concierge,,,,Full relocation support,Y,,,,Y,,,,,Y,,,,
svc-feed-nutrition,Nutrition Consultation,,,,Expert diet planning,Y,,Y,,,Y,,,,,Y,,,
svc-feed-meal-plan,Custom Meal Planning,,,,Personalized meal plans,Y,,Y,,,,,,,,Y,,,
svc-care-emergency,Emergency Care Coordination,,,,24/7 emergency support,Y,,,,,Y,,,,,,Y,,
svc-fit-assessment,Fitness Assessment,,assessment,,Complete fitness evaluation,Y,,,,,Y,,Y,,,,,,
svc-fit-program,Personal Training Program,,,,8-week fitness journey,Y,,,,,Y,,Y,Y,,,,,
svc-learn-behavior,Behavior Consultation,,,,Address specific issues,Y,,,,,Y,,,Y,,Y,,,
svc-enjoy-adventure,Adventure Day Planning,,,,Custom adventure experience,Y,,,,,,,,,,Y,,,
svc-enjoy-playdate,Playdate Coordination,,,,Group play sessions,Y,,,,,,Y,,,,,,,
svc-groom-mobile,Mobile Grooming,,,,Grooming at your doorstep,Y,,,,,Y,Y,,,,,,,
svc-adopt-match,Pet Matching Service,,,,Find your perfect pet,Y,,,,,,,,,,,,,Y
svc-adopt-support,New Pet Support,,,,30-day transition support,Y,,,,,,,,,,,,,Y
svc-farewell-memorial,Memorial Planning,,,,Dignified farewell service,Y,,,,,,,,,,Y,,Y,
svc-farewell-grief,Grief Support,,,,Counseling and support,Y,,,,,,,,,,,,Y,
svc-dine-reservation,VIP Restaurant Reservations,,,,Priority booking at pet-friendly restaurants,Y,,Y,,,,Y,,,,,,,
svc-dine-picnic,Gourmet Picnic Setup,,,,Complete pet-friendly picnic arrangement,Y,,Y,,,,,,,,,,,
svc-insure-consult,Insurance Consultation,,,,Find the right coverage,Y,,,,,Y,,,,,Y,,,
svc-insure-claims,Claims Assistance,,,,Help with insurance claims,Y,,,,,,,,,,,,,
svc-shop-styling,Pet Styling Consultation,,,,Product recommendations,Y,Y,,,,Y,,,,,Y,,,
svc-dine-chefs-table,Chef's Table Experience,,,,Private chef dining at pet-friendly restaurants,Y,,Y,,,,,,,,,,,
svc-dine-private-home,Private Home Dining,,,,Chef comes to your home with pet-safe menu,Y,,Y,,,,,,,,,,,
svc-dine-catering,Pet Party Catering,,,,Catering for pet birthdays & events,Y,Y,Y,,,,Y,,,,,,,
svc-dine-subscription,Fresh Meal Subscription,,,,Weekly fresh pet meals delivered,Y,,Y,,,,,,,,,,,
svc-dine-group-event,Group Dining Events,,,,Organize pet parent meetups,Y,Y,,,,,Y,,,,,,,
svc-care-grooming,Premium Grooming Session,,grooming,,"Full grooming service including bath, haircut, nail trim, and ear cleaning.",Y,,,,,Y,Y,,,,,,,
svc-care-vet,Vet Consultation at Home,,vet,,Licensed veterinarian visits your home for check-ups and consultations.,Y,,,,,Y,,,,,Y,Y,,
svc-care-sitting,Pet Sitting (Daily),,sitting,,Professional pet sitter cares for your pet at your home.,Y,,,Y,,Y,,,,,,,,
svc-celebrate-venue,Pet-Friendly Venue Booking,,venue,,We find and book the perfect pet-friendly venue for your celebration.,Y,Y,,,,,,,,,,,,
svc-learn_prod_clicker,Professional Training Clicker,299,care,,High-quality clicker for positive reinforcement training.,Y,,,,,Y,,Y,Y,,,,,
svc-dine-f9364aff,Pet Caf Visit,499,experiences,,Pet-friendly caf experience with treats,Y,Y,,,,,Y,,,,,,,
svc-dine-f4bebcb6,Doggy Brunch Reservation,799,experiences,,Weekend brunch at pet-friendly restaurant,Y,Y,,,,,Y,,,,,,,
svc-dine-1dd03b79,Home Chef Pet Meal,399,meals,,Fresh home-cooked meal for your pet,Y,,Y,,,,,,,,,,,
svc-dine-149222dc,Gourmet Pet Platter,649,meals,,Premium selection of pet-safe treats,Y,,Y,,,,,,,,,,,
svc-stay-eb1b89c2,Pet Hotel Standard Room,1499,boarding,,Comfortable overnight stay for your pet,Y,,,Y,Y,Y,,,,,,,,
svc-stay-9aeb0242,Luxury Pet Suite,2999,boarding,,Premium suite with extra amenities,Y,,,Y,,Y,,,,,,,,
svc-stay-dc128835,Doggy Daycare Pass,599,daycare,,Full day supervised play and care,Y,,,Y,,Y,,,,,,,,
svc-travel-14fe2322,Pet Passport Service,1999,services,,Complete documentation for international travel,Y,,,,,,,,,Y,,,,
svc-travel-bf4970ea,Pet Transport Service,3999,services,,Door-to-door pet transportation,Y,,,,Y,,,,,,,,,
svc-enjoy-efd5110c,Dog Park Meetup Pass,299,events,,Access to exclusive dog park events,Y,Y,,,,,Y,,,,,,,
svc-enjoy-1d90a879,Pet Photography Session,1999,experiences,,Professional pet photoshoot,Y,Y,,,,,Y,,,,,,,
svc-enjoy-2307e263,Doggy Swimming Session,799,activities,,Supervised pool time for dogs,Y,,,,,,Y,,,,,,,
svc-fit-9a00b7ab,Dog Running Session,499,fitness,,Professional dog running service,Y,,,,,Y,,Y,,,,,,
svc-fit-0d19a648,Canine Yoga Class,799,classes,,Yoga session with your dog,Y,,,,,,,,Y,,,,,
svc-fit-e07de578,Weight Management Program,2999,weight,,3-month fitness & diet program,Y,,Y,,,Y,,Y,,,,,,
svc-fit-5a3d45ff,Agility Training Session,999,training,,Obstacle course training,Y,,,,,Y,Y,Y,Y,,,,,
svc-advisory-4816ac9b,Behaviour Assessment,1499,consultations,,Professional behaviour evaluation,Y,,,,,Y,,Y,Y,,Y,,,
svc-advisory-347e8209,Pet Life Planning,2499,planning,,Comprehensive pet care roadmap,Y,,,,,,,,,,Y,,,
svc-advisory-4c13f2cb,Senior Pet Care Plan,1999,planning,,Specialized care for aging pets,Y,,,,,,,,,,Y,,,
svc-paperwork-9dc28c77,Pet Insurance Assistance,499,services,,Help with insurance paperwork,Y,,,,,,,,,,Y,,,
svc-paperwork-f7b2af2c,Registration Service,299,services,,Pet registration and licensing,Y,,,,,,,,,Y,,,,Y
svc-paperwork-18b00074,Health Certificate,799,certificates,,Official health documentation,Y,,,,,Y,,,,,,,,
svc-paperwork-de483ae1,Microchip Registration,599,documentation,,Microchip and database registration,Y,,,,Y,,,,,Y,,,,Y
svc-paperwork-48c6de72,Pet Will & Trust Setup,4999,legal,,Legal pet care documentation,Y,,,,,,,,,Y,Y,,,
svc-emergency-27c8523d,Emergency Transport Service,2999,emergency,,Priority pet ambulance service,Y,,,,Y,Y,,,,,,Y,,
svc-emergency-5aa61513,Lost Pet Recovery Plan,1999,services,,GPS tracking and recovery service,Y,,,,,,,,,,,Y,,
svc-emergency-b0e9efe5,Emergency Fund Setup,499,financial,,Pet emergency savings plan setup,Y,,,,,Y,,,,,,Y,,
svc-adopt-5b8366a7,Adoption Counselling,799,services,,Expert guidance for pet adoption,Y,,,,,,,,,,,,,Y
svc-adopt-6878a0e9,Home Assessment Service,999,services,,Pet-proofing home consultation,Y,,,,,Y,,Y,,,,,,
svc-dine-d6cfc31d,Puppy Picnic Set,899,experiences,,Complete picnic setup for you and your pet,Y,Y,,,,,Y,,,,,,,
svc-dine-5e2c2519,Pet Food Tasting Session,599,experiences,,Sample premium pet foods,Y,Y,,,,,Y,,,,,,,
svc-dine-d71fa051,Pet Chef Consultation,999,consultations,,One-on-one with pet nutrition chef,Y,,,,,Y,,,,,Y,,,
svc-dine-c0c2215d,Doggy Ice Cream Party,1499,events,,Ice cream party for pets,Y,Y,,,,,Y,,,,,,,
svc-dine-394247c0,Pet Bakery Tour,799,experiences,,Behind the scenes at pet bakery,Y,Y,,,,,Y,,,,,,,
svc-dine-58949d34,Weekly Meal Prep Service,1999,services,,Fresh meals prepared weekly,Y,,Y,,,,,,,,,,,
svc-dine-fddb1596,Pet Wine & Dine Night,2499,experiences,,Luxury dining experience,Y,Y,,,,,Y,,,,,,,
svc-dine-5d0174ec,Pet Nutrition Workshop,1299,classes,,Learn about pet nutrition,Y,,Y,,,Y,,,Y,,Y,,,
svc-stay-5cf25fe8,Cat Condo Rental,999,boarding,,Private cat accommodation,Y,,,Y,,Y,,,,,,,,
svc-stay-d0c8ba69,VIP Pet Penthouse,4999,boarding,,Top-floor luxury suite,Y,,,Y,,Y,,,,,,,,
svc-stay-d393d42c,Home Pet Sitting,1299,services,,In-home pet care service,Y,,,Y,,Y,,,,,,,,
svc-stay-c57c999b,Overnight Pet Nanny,1999,services,,24-hour in-home care,Y,,,,,Y,,,,,,,,
svc-stay-8d906e2b,Pet Vacation Resort,6999,boarding,,Resort-style boarding,Y,,,Y,,Y,,,,,,,,
svc-stay-65422098,Senior Pet Care Room,1799,boarding,,Specialized senior pet boarding,Y,,,Y,,Y,,,,,,,,
svc-stay-cfb19d45,Puppy Kindergarten Stay,1299,boarding,,Socialization-focused boarding,Y,,,Y,,Y,,,,,,,,
svc-stay-66f12a22,Pet Hotel Pool Access,499,amenities,,Swimming pool day pass,Y,,,Y,Y,,,,,,,,,
svc-stay-96af6b89,Extended Stay Discount,24999,packages,,30-day boarding package,Y,,,Y,,,,,,,,,,
svc-stay-bee84036,Special Needs Boarding,2499,boarding,,Medical care included,Y,,,Y,,Y,,,,,,,,
svc-stay-6e89377d,Holiday Pet Hotel,1999,boarding,,Festive themed stays,Y,,,Y,Y,Y,,,,,,,,
svc-stay-b08656a8,Pet Playgroup Session,399,activities,,Supervised group play,Y,,,,,,Y,,,,,,,
svc-travel-96ad5c22,Pet Travel Insurance,2999,insurance,,Comprehensive coverage,Y,,,,Y,,,,,,Y,,,
svc-travel-128855a2,Airline Pet Booking,4999,services,,Flight booking assistance,Y,,,,Y,,,,,,,,,
svc-travel-718ace51,Pet Hotel Finder,499,services,,Find pet-friendly stays,Y,,,Y,Y,,,,,,,,,
svc-travel-da888f2b,International Vet Check,1999,services,,Travel health certificate,Y,,,,,Y,,,,,,Y,,
svc-travel-c36b8834,Pet Relocation Service,14999,relocation,,Complete moving service,Y,,,,Y,,,,,Y,,,,
svc-enjoy-f676cf07,Doggy Birthday Party,2999,events,,Full birthday celebration,Y,Y,,,,,Y,,,,,,,
svc-enjoy-bd8e74a7,Pet Spa Day,1499,experiences,,Relaxation and pampering,Y,Y,,,,Y,Y,,,,,,,
svc-enjoy-eabfa586,Dog Beach Day,599,activities,,Beach outing package,Y,,,,,,Y,,,,,,,
svc-enjoy-f662a5ef,Pet Movie Night,799,events,,Outdoor cinema for pets,Y,Y,,,,,Y,,,,,,,
svc-enjoy-c2ccdd9c,Hiking Trail Pass,399,activities,,Access to pet trails,Y,,,,,,Y,,,,,,,
svc-enjoy-5a8978d2,Pet Art Class,999,classes,,Create art with your pet,Y,,,,,,,,Y,,,,,
svc-enjoy-c4374ad1,Doggy Yoga Session,699,classes,,Doga class for you both,Y,,,,,,,,Y,,,,,
svc-enjoy-edad76f0,Sunrise Dog Walk,499,activities,,Group morning walks,Y,,,,,,Y,,,,,,,
svc-enjoy-dbe300ab,Pet Costume Party,799,events,,Themed costume event,Y,Y,,,,,Y,,,,,,,
svc-enjoy-8cb5de63,Doggy Dance Class,899,classes,,Learn tricks together,Y,,,,,,,,Y,,,,,
svc-enjoy-9ed5a32d,Pet Camping Trip,3999,experiences,,Overnight camping adventure,Y,Y,,,,,Y,,,,,,,
svc-enjoy-1ffae7ad,Bubble Play Session,299,activities,,Pet-safe bubble fun,Y,,,,,,Y,,,,,,,
svc-enjoy-aeb3d517,Pet Photobooth Access,399,experiences,,Fun photo opportunities,Y,Y,,,,,Y,,,,,,,
svc-fit-da240769,Hydrotherapy Session,1299,therapy,,Water-based exercise,Y,,,,,Y,,Y,,,,,,
svc-fit-89526281,Personal Dog Trainer,1999,training,,One-on-one training,Y,,,,,Y,,Y,Y,,,,,
svc-fit-773d1514,Treadmill Training,799,fitness,,Indoor running session,Y,,,,,Y,,Y,Y,,,,,
svc-fit-0abbc0b8,Canine CrossFit,899,fitness,,High-intensity workout,Y,,,,,Y,,Y,,,,,,
svc-fit-cb1e54ed,Swimming Lessons,1499,classes,,Learn to swim safely,Y,,,,,,,,Y,,,,,
svc-fit-bdfea102,Obstacle Course Pass,699,activities,,Access to agility course,Y,,,,,,Y,,,,,,,
svc-fit-ca1d02b3,Canine Massage Session,999,wellness,,Post-workout recovery,Y,,,,,Y,,Y,,,,,,
svc-fit-196b6fe2,Monthly Fitness Plan,4999,programs,,Customized workout plan,Y,,,,,Y,,Y,,,,,,
svc-fit-e863d305,Balance Ball Training,699,classes,,Core strengthening,Y,,,,,Y,,Y,Y,,,,,
svc-fit-de7330a4,Sprint Training Session,599,fitness,,Speed and agility,Y,,,,,Y,,Y,Y,,,,,
svc-learn-76313bd3,Basic Obedience Course,2999,training,,Foundation training,Y,,,,,Y,,Y,Y,,,,,
svc-learn-1feabe4b,Puppy Socialization Class,1499,classes,,Early social skills,Y,,,,,,,,Y,,,,,
svc-learn-f285fc00,Advanced Commands Training,3999,courses,,Complex commands,Y,,,,,Y,,Y,Y,,,,,
svc-learn-ad2ada40,Trick Training Workshop,999,workshops,,Fun tricks to learn,Y,,,,,Y,Y,Y,Y,,,,,
svc-learn-bdff5948,Behaviour Modification,4999,programs,,Address problem behaviours,Y,,,,,Y,,,Y,,,,,
svc-learn-332dfec9,Service Dog Training,9999,specialized,,Professional service training,Y,,,,,Y,,Y,Y,,,,,
svc-learn-a6904223,Therapy Dog Certification,5999,certification,,Become a therapy team,Y,,,,,Y,,Y,,,,,,
svc-learn-4781e95d,Recall Training Intensive,2499,courses,,Perfect recall every time,Y,,,,,Y,,Y,Y,,,,,
svc-learn-2e9e8ba7,House Training Program,1999,programs,,Potty training success,Y,,,,,Y,,Y,Y,,,,,
svc-learn-cb9efa29,Separation Anxiety Course,3499,courses,,Build independence,Y,,,,,,,,Y,,,,,
svc-learn-a10dd645,Canine Good Citizen Prep,2999,certifications,,CGC certification prep,Y,,,,,,,,Y,,,,,
svc-learn-d28a0927,Online Training Course,1499,training,,Learn at your pace,Y,,,,,Y,,Y,Y,,,,,
svc-learn-f44696cb,Group Training Classes,999,classes,,Social learning,Y,,,,,Y,,Y,Y,,,,,
svc-learn-f64be77d,Private Training Session,1999,training,,One-on-one instruction,Y,,,,,Y,,Y,Y,,,,,
svc-learn-403fe5c2,Reactive Dog Workshop,2999,workshops,,Help reactive dogs,Y,,,,,,Y,,Y,,,,,
svc-learn-a3b0b70a,Nose Work Introduction,1299,classes,,Scent detection basics,Y,,,,,,,,Y,,,,,
svc-care-9e3e93a4,Annual Wellness Checkup,1999,checkups,,Comprehensive health exam,Y,,,,,Y,,Y,,,,,,
svc-care-d91b0143,Dental Cleaning,3999,dental,,Professional dental care,Y,,,,,Y,,,,,,,,
svc-care-1377d639,Flea & Tick Prevention,999,preventive,,Monthly protection,Y,,,,,Y,,,,,,,,
svc-care-ab29b4f4,Microchipping Service,999,services,,Permanent ID implant,Y,,,,,,,,,Y,,,,
svc-care-c4f7e586,Allergy Testing,2999,diagnostics,,Identify allergies,Y,,,,,Y,,,,,,Y,,
svc-care-6cc875d7,Blood Panel Test,1999,diagnostics,,Complete blood work,Y,,,,,Y,,,,,,Y,,
svc-care-4c49bf18,Heartworm Prevention,1499,preventive,,Monthly heartworm protection,Y,,,,,Y,,,,,,,,
svc-care-48c44b71,Anxiety Relief Drops,799,wellness,,Natural calming aid,Y,,,,,Y,,Y,,,,,,
svc-care-72f32b25,Pain Management Plan,2999,treatments,,Chronic pain care,Y,,,,,Y,,,,,,,,
svc-care-9edbbfba,Wellness Blood Test,1499,diagnostics,,Preventive screening,Y,,,,,Y,,Y,,,,Y,,
svc-advisory-893ea747,New Pet Parent Consult,799,consultations,,First-time owner guidance,Y,,,,,Y,,,,,Y,,,
svc-advisory-a40e35c5,Multi-Pet Household Plan,1499,planning,,Managing multiple pets,Y,,,,,,,,,,Y,,,
svc-advisory-9869b0bb,Pet Insurance Review,499,financial,,Insurance comparison,Y,,,,,,,,,,Y,,,
svc-advisory-868116bf,Vet Selection Assistance,599,guidance,,Find the right vet,Y,,,,,Y,,,,,,Y,,
svc-advisory-ec3071d6,Pet Budget Planning,699,financial,,Financial pet planning,Y,,,,,,,,,,Y,,,
svc-advisory-f318ce10,Exercise Plan Consult,899,consultations,,Custom fitness plan,Y,,,,,Y,,,,,Y,,,
svc-advisory-15cac1ec,Diet Transition Plan,799,planning,,Safe food switching,Y,,,,,,,,,,Y,,,
svc-advisory-4dff9608,Pet Safety Audit,999,assessments,,Home safety check,Y,,,,,Y,,Y,,,,,,
svc-advisory-4bcf8a7b,Training Method Consult,699,consultations,,Find right training style,Y,,,,,Y,,Y,Y,,Y,,,
svc-advisory-4dcadc67,End-of-Life Planning,999,planning,,Compassionate guidance,Y,,,,,,,,,,Y,,,
svc-advisory-cd79487b,Rehoming Consultation,599,consultations,,Responsible rehoming help,Y,,,,,Y,,,,,Y,,,
svc-fit-20c869ef,Personal Fitness Assessment,1499,fitness_assessment,,"Comprehensive fitness evaluation for your pet including body condition score, mobility check, and personalised exercise plan",Y,,,,,Y,,Y,,,,,,
svc-fit-cd0415bd,Agility Training Sessions (4 Pack),2499,exercise_plan,,"Fun agility training sessions to improve coordination, confidence and fitness",Y,,,,,Y,Y,Y,Y,,,,,
svc-fit-0706f65f,Swimming Therapy Session,1299,exercise_plan,,Low-impact aquatic exercise perfect for senior pets or those recovering from injury,Y,,,,,Y,,Y,,,,,,
svc-learn-c970f784,Puppy Foundation Course,4999,puppy_training,,"Essential training for puppies 8-16 weeks covering socialisation, basic commands, and house training",Y,,,,,Y,,Y,Y,,,,,
svc-learn-59efacc8,Basic Obedience Training (8 Sessions),6999,basic_obedience,,"Master sit, stay, come, heel, and leash walking with certified trainers",Y,,,,,Y,,Y,Y,,,,,
svc-learn-86a761b7,Behaviour Modification Programme,8999,behavior_modification,,"Address specific behavioural issues like aggression, anxiety, or excessive barking",Y,,,,,Y,,,Y,,,,,
svc-learn-1c73605c,Advanced Tricks & Commands,5499,advanced_training,,"Fun advanced training including tricks, off-leash reliability, and complex commands",Y,,,,,Y,,Y,Y,,,,,
svc-learn-9f57f471,Private In-Home Training Session,2499,basic_obedience,,One-on-one training session at your home for personalised attention,Y,,,,,Y,,Y,Y,,,,,
svc-groom-f1f657ff,Spa Bath & Pamper Session,2499,spa_bath,,"Luxury spa experience with aromatherapy bath, massage, and premium conditioning",Y,,,,,Y,Y,,,,,,,
svc-groom-34eaf366,Nail Trim & Paw Care,499,nail_care,,Professional nail trimming with paw pad moisturising treatment,Y,,,,,Y,,,,,,,,
svc-groom-fed640c9,Breed-Specific Styling,2999,styling,,Expert breed-standard styling by certified groomers familiar with your breed,Y,Y,,,,Y,,,,,,,,
svc-advisory-94989eb8,Behaviour Consultation,2999,behaviour,,60-minute consultation with certified animal behaviourist to address concerns,Y,,,,,Y,,,Y,,Y,,,
svc-advisory-4dd08198,Nutrition Planning Session,1999,nutrition,,Personalised nutrition plan developed by veterinary nutritionist,Y,,Y,,,Y,,,,,Y,,,
svc-advisory-bad10d2a,Senior Pet Care Consultation,1499,consultation,,Comprehensive guidance for caring for your ageing pet with comfort and dignity,Y,,,,,Y,,,,,Y,,,
svc-advisory-f696c03b,New Pet Parent Coaching,2499,coaching,,One-on-one coaching for new pet parents covering everything from feeding to training,Y,,,,,,,,,,Y,,,
svc-advisory-9cfa5cb2,Breed Selection Guidance,999,breed_selection,,Expert advice to help you choose the perfect breed for your lifestyle,Y,,,,,,,,,,Y,,,
svc-paperwork-9c3cb546,Pet Passport Application Service,3999,travel,,Complete assistance with pet passport application including documentation and vet coordination,Y,,,,Y,,,,,,Y,,,
svc-paperwork-5f32695e,KCI Registration Assistance,2499,documentation,,Help with Kennel Club of India registration including pedigree verification,Y,,,,Y,,,,,Y,,,,Y
svc-paperwork-5e994d0f,Medical Records Digitisation,999,medical,,Convert all physical medical records to secure digital format with cloud backup,Y,,,,,,,,,Y,,,,
svc-paperwork-e96964aa,Import/Export Documentation,7999,documentation,,Complete documentation assistance for international pet relocation,Y,,,,Y,,,,,Y,,,,
svc-emergency-8d11080b,24/7 Emergency Helpline Subscription,2999,helpline,,Annual subscription to 24/7 veterinary emergency helpline with instant advice,Y,,,,,Y,,,,,Y,Y,,
svc-emergency-afc24ad7,Lost Pet Alert Service,999,lost_pet,,"Instant alert broadcast to local community, shelters, and veterinary clinics",Y,,,,,,,,,,,Y,,
svc-emergency-84b8d7ec,First Aid Training Course,3499,training,,Learn essential pet first aid skills from certified professionals,Y,,,,,Y,,Y,Y,,,,,
svc-adopt-899ac12c,Adoption Application Processing,499,adoption_process,,Complete adoption application processing with background checks and home visit,Y,,,,,,,,,,,,,Y
svc-adopt-8baf7a60,Adoption Counselling Session,999,consultation,,Expert guidance to help you find the perfect pet match for your family,Y,,,,,Y,,,,,Y,,,Y
svc-adopt-bc5b1cf3,Shelter Support Donation,500,donation,,Direct donation to partner shelters to support rescued animals,Y,,,,,,,,,,,,,Y
svc-farewell-0b79f1d7,Private Cremation Service,4999,cremation,,Dignified private cremation with ashes returned in an elegant urn,Y,,,,,,,,,,,,Y,
svc-farewell-caa3632b,Rainbow Bridge Ceremony,2499,ceremony,,Touching farewell ceremony with readings and memorial moment,Y,,,,,,,,,,,,Y,
svc-farewell-2b3012b4,Grief Support Counselling,1499,grief_support,,Professional pet loss counselling to help you through this difficult time,Y,,,,,,,,,,,,Y,
svc-farewell-6374faf4,Paw Print Memorial,999,memorial,,Professional clay paw print impression as a lasting tribute,Y,,,,,,,,,,,,Y,
svc-insure-4c7b4100,Basic Health Coverage,2999,insurance,,Essential health insurance covering accidents and basic illnesses,Y,,,,,Y,,,,,Y,,,
svc-insure-d823ef58,Comprehensive Pet Insurance,5999,comprehensive,,"Full coverage including accidents, illness, surgeries, and preventive care",Y,,,,,,,,,,Y,,,
svc-insure-45d2f162,Senior Pet Insurance,4499,senior_coverage,,Specialised coverage for pets over 7 years with pre-existing condition options,Y,,,,,,,,,,Y,,,
svc-insure-3e2d91fd,Wellness Add-On,1499,wellness,,Add preventive care coverage including vaccinations and annual check-ups,Y,,,,,Y,,Y,,,,,,
svc-insure-9212f433,Travel Insurance for Pets,999,travel_insurance,,Coverage for pets during domestic and international travel,Y,,,,Y,,,,,,Y,,,
svc-community-6898a12a,Dog Park Meetup Pass (Monthly),999,meetups,,Monthly pass for organised dog park meetups with socialisation activities,Y,,,,,,Y,,,,,,,
svc-community-6771dc01,Pet Parent Social Club Membership,2499,membership,,Annual membership to exclusive pet parent community with events and networking,Y,,,,,,,,,,,,,
svc-community-81fae822,Breed-Specific Playdate,499,playdates,,Organised playdate with dogs of the same breed for specialised socialisation,Y,,,,,,,,,,,,,
svc-community-96d0306f,Pet-Friendly Event Ticket,799,events,,Entry to premium pet-friendly events including festivals and exhibitions,Y,Y,,,,,Y,,,,,,,
svc-community-7258b354,Pet Photography Meetup,1499,photo_meetup,,Join other pet parents for a fun photo session with professional photographer,Y,Y,,,,,Y,,,,,,,
svc-bundle-fit-transformation,Complete Fitness Transformation,8999,fitness_bundle,,"12-week programme combining assessment, weight management, and exercise sessions",Y,,,,,Y,,Y,,,,,,
svc-bundle-learn-puppy-starter,Puppy Learning Journey,9999,training_bundle,,Complete puppy training from foundation through basic obedience,Y,,,,,Y,,Y,Y,,,,,
svc-bundle-groom-pamper-day,Ultimate Pamper Day,4499,grooming_bundle,,"Full day of pampering including spa bath, full grooming, and de-shedding",Y,,,,,Y,Y,,,,,,,
svc-bundle-advisory-new-parent,New Pet Parent Essentials,4999,advisory_bundle,,"Everything new pet parents need including coaching, nutrition, and behaviour guidance",Y,,,,,,,,,,Y,,,
svc-bundle-insure-complete-protection,Complete Protection Plan,7499,insurance_bundle,,Full insurance coverage with wellness add-on and travel protection,Y,,,,,,,,,,Y,,,
svc-PROD-F1680CB37170,IATA Approved Travel Crate - Small,0,travel,,,Y,,,,Y,,,,,,Y,,,
svc-PROD-AF47C448D1C4,IATA Approved Travel Crate - Medium,0,travel,,,Y,,,,Y,,,,,,Y,,,
svc-PROD-B6630E1C959D,IATA Approved Travel Crate - Large,0,travel,,,Y,,,,Y,,,,,,Y,,,
svc-PROD-F8008846F354,Portable Pet Water Bottle,0,travel,,,Y,,,,Y,,,,,,Y,,,
svc-PROD-66EA6B650090,GPS Smart ID Tag,0,travel,,,Y,,,,Y,,,,,,Y,,,
svc-PROD-4897907A5EBE,Premium Deshedding Brush,0,care,,,Y,,,,,Y,,,,,,,,
svc-PROD-BF7EBA0D2EC2,Safety Nail Clipper Set,0,care,,,Y,,,,,Y,,,,,,,,
svc-PROD-CD37054E7D05,Gentle Oatmeal Shampoo,0,care,,,Y,,Y,,,,,,,,,,,
svc-PROD-CC3AD8944742,Ear Cleaning Solution,0,care,,,Y,,,,,Y,,,,,,,,
svc-PROD-7FBD4D907103,Biodegradable Poop Bags (120 Count),0,care,,,Y,,,,,Y,,,,,,,,
svc-PROD-8C4134CAF38F,Calming Pheromone Spray,0,care,,,Y,,,,,Y,,,,,,,,
svc-PROD-C1600C3F930F,Pet Dining Placemat,0,dine,,,Y,,Y,,,,,,,,,,,
svc-PROD-62236491D609,Dine-Time Calming Spray,0,dine,,,Y,,Y,,,,,,,,,,,
svc-PROD-3E55A7BAFAC4,Caf Ready Bandana,0,dine,,,Y,,Y,,,,,,,,,,,
svc-PROD-639D63468799,Reusable Pup Cup,0,dine,,,Y,,Y,,,,,,,,,,,
svc-PROD-53AC5CACA0BB,Outdoor Dining Mat,0,dine,,,Y,,Y,,,,,,,,,,,
svc-PROD-FBB90DF3D120,Caf Cooling Vest,0,dine,,,Y,,Y,,,,,,,,,,,
svc-PROD-CDADEE5AF32A,Fresh Breath Dental Chews,0,dine,,,Y,,,,,Y,,,,,,,,
svc-fit-prod-915b63cd,Dog Yoga Mat,1299,fit,,Non-slip yoga mat designed for pet stretching and relaxation exercises. Perfect for doga sessions with your furry friend.,Y,,,,,,,Y,,,,,,
svc-fit-prod-cc80aef8,Interactive Fetch Launcher,2499,fit,,Automatic ball launcher with adjustable distance settings. Great for high-energy dogs who love fetch.,Y,,,,,,,Y,,,,,,
svc-fit-prod-ec10e862,Swimming Vest (All Sizes),1799,fit,,High-visibility flotation vest for water-loving dogs. Adjustable straps and handle for easy lifting.,Y,,,,,,,Y,,,,,,
svc-fit-prod-358bfdea,Treadmill for Dogs,15999,fit,,Indoor exercise solution for dogs. Variable speed settings and safety rails. Perfect for rainy days or apartment living.,Y,,,,,,,Y,,,,,,
svc-seed-stay-40a736ce,Standard Boarding - 1 Night,999,boarding,,Comfortable overnight stay with meals,Y,,,Y,,Y,,,,,,,,
svc-seed-stay-25beac5b,Premium Suite - 1 Night,1499,boarding,,Luxury suite with AC and webcam access,Y,,,Y,,Y,,,,,,,,
svc-seed-stay-b4d82068,Daycare Pass - Single Day,599,daycare,,Full day of play and supervision,Y,,,Y,,Y,,,,,,,,
svc-seed-stay-e053f179,Daycare Pack - 10 Days,4999,daycare,,10-day daycare pass with 2 bonus days,Y,,,Y,,Y,,,,,,,,
svc-seed-stay-b06d0e4e,Home Boarding Service,1299,boarding,,Stay with a certified pet host,Y,,,Y,,Y,,,,,,,,
svc-seed-stay-35e67a6c,Puppy Daycare (under 1 Year),699,daycare,,Specialized care for young puppies,Y,,,Y,,Y,,,,,,,,
svc-seed-stay-f621ab50,Senior Dog Stay,1199,boarding,,Gentle care for senior pets,Y,,,Y,,Y,,,,,,,,
svc-seed-stay-5cc83de6,Medical Boarding,1799,boarding,,Boarding with medication administration,Y,,,Y,,Y,,,,,,,,
svc-seed-stay-96811e4b,Holiday Pet Sitting,1599,boarding,,In-home pet sitting during holidays,Y,,,Y,,Y,,,,,,,,
svc-seed-stay-c60487d8,Airport Pickup & Drop,799,services,,Pet transport to/from airport,Y,,,Y,,,,,,,,,,
svc-seed-travel-c9c0c605,International Flight Assistance,9999,services,,End-to-end international travel support,Y,,,,Y,,,,,,,,,
svc-seed-travel-48f44771,Pet-Friendly Hotel Booking,499,services,,We find the perfect pet-friendly stay,Y,,,Y,Y,,,,,,,,,
svc-seed-care-c87e3042,Full Grooming Session,999,grooming,,"Bath, haircut, nail trim, ear cleaning",Y,,,,,Y,Y,,,,,,,
svc-seed-care-ee82dfd6,Puppy First Groom,699,grooming,,Gentle introduction to grooming,Y,,,,,Y,Y,,,,,,,
svc-seed-care-3e3213a3,Flea & Tick Prevention Pack,799,health,,3-month protection pack,Y,,,,,Y,,,,,,,,
svc-seed-care-c9ee4699,Joint Support Supplements,899,health,,Glucosamine & chondroitin formula,Y,,,,,Y,,,,,,,,
svc-seed-care-acd7d9dc,Skin & Coat Supplements,699,health,,Omega-rich formula for shiny coat,Y,,,,,Y,,,,,,,,
svc-seed-care-3421b3a8,Vet Video Consultation,499,health,,Online vet consultation,Y,,,,,Y,,,,,Y,Y,,
svc-seed-enjoy-d9d90d45,Dog Park Playdate Booking,399,services,,Organized playdate at local park,Y,,,,,,Y,,,,,,,
svc-seed-enjoy-dd8937e5,Swimming Pool Session,799,services,,Supervised pool time for dogs,Y,,,,,,Y,,,,,,,
svc-seed-enjoy-53d38976,Agility Course Access,599,services,,Access to agility training course,Y,,,,,,Y,Y,Y,,,,,
svc-seed-fit-9fbbea2b,Personal Training Session,999,training,,One-on-one fitness training,Y,,,,,Y,,Y,Y,,,,,
svc-seed-fit-6e3038cf,Weight Loss Program (4 Weeks),3999,programs,,Structured weight management program,Y,,Y,,,Y,,Y,,,,,,
svc-seed-fit-ce084921,Puppy Fitness Starter,2499,programs,,Age-appropriate exercise program,Y,,,,,Y,,Y,,,,,,
svc-seed-fit-cee46735,Senior Mobility Program,2999,programs,,Gentle exercises for older dogs,Y,,,,,,,Y,,,,,,
svc-seed-fit-bfc542fb,Canine Treadmill Session,599,training,,Supervised treadmill workout,Y,,,,,Y,,Y,Y,,,,,
svc-seed-fit-92c2a48f,Swimming Fitness Class,799,training,,Low-impact aqua fitness,Y,,,,,Y,,Y,Y,,,,,
svc-seed-fit-0f7980a3,Agility Training Course,4999,programs,,8-week agility training program,Y,,,,,Y,Y,Y,Y,,,,,
svc-seed-fit-dc3c3a43,Monthly Fitness Subscription,2999,programs,,Unlimited fitness sessions,Y,,,,,Y,,Y,,,,,,
svc-seed-fit-a62e3b62,Dog Yoga (Doga) Session,599,training,,Relaxing yoga with your dog,Y,,,,,Y,,Y,Y,,,,,
svc-seed-learn-bb2c3631,Puppy Kindergarten (8 Weeks),5999,training,,Foundation training for puppies,Y,,,,,Y,,Y,Y,,,,,
svc-seed-learn-02b0a368,Advanced Training Program,7999,training,,Complex commands & tricks,Y,,,,,Y,,Y,Y,,,,,
svc-seed-learn-63540423,Behavior Modification,6999,training,,Address specific behavior issues,Y,,,,,Y,,Y,Y,,,,,
svc-seed-learn-3e36e599,Socialization Classes,2499,training,,Safe exposure to new experiences,Y,,,,,Y,,Y,Y,,,,,
svc-seed-learn-4b9c4d98,Trick Training Course,3499,training,,Fun tricks to impress everyone,Y,,,,,Y,,Y,Y,,,,,
svc-seed-paperwork-34b4f03d,Pet Registration Service,999,documentation,,Complete municipal registration,Y,,,,Y,,,,,Y,,,,Y
svc-seed-paperwork-4a148e22,Pet Insurance Consultation,499,consultation,,Find the right pet insurance,Y,,,,,Y,,,,,Y,,,
svc-seed-paperwork-6b8dd44e,Vaccination Record Book,299,documentation,,Official vaccination record,Y,,,,Y,,,,,Y,,,,
svc-seed-paperwork-c3fef725,Pet Will & Trust Service,4999,legal,,Legal protection for your pet's future,Y,,,,,,,,,Y,Y,,,
svc-seed-paperwork-f835e76f,Breeding License Assistance,3999,documentation,,Help with breeding permits,Y,,,,Y,,,,,Y,,,,
svc-seed-advisory-2a9fd38d,Pre-Adoption Counseling,799,consultation,,Choose the right pet for your family,Y,,,,,Y,,,,,Y,,,Y
svc-seed-advisory-c58433b2,New Pet Parent Guidance,999,consultation,,Everything you need to know,Y,,,,,Y,,,,,Y,,,
svc-seed-advisory-1089da9f,Multi-Pet Household Advisory,1499,consultation,,Introducing new pets safely,Y,,,,,Y,,,,,Y,,,
svc-seed-advisory-b4e6501b,Breed Selection Service,1999,consultation,,Find your perfect breed match,Y,,,,,Y,,,,,Y,,,
svc-seed-advisory-08449aa0,Pet-Proofing Home Audit,1499,services,,Make your home pet-safe,Y,,,,,,,,,,Y,,,
svc-seed-emergency-ff35f1cb,24/7 Emergency Vet Hotline,299,emergency,,Round-the-clock vet access,Y,,,,,Y,,,,,,Y,,
svc-seed-emergency-0fba5b04,First Aid Training Workshop,1999,training,,Learn pet first aid,Y,,,,,Y,,Y,Y,,,,,
svc-seed-emergency-c46d5e62,Poison Control Consultation,499,emergency,,Immediate toxicity guidance,Y,,,,,Y,,,,,Y,Y,,
svc-seed-emergency-8fa7b9f2,Lost Pet Search Service,1999,services,,Professional pet search team,Y,,,,,,,,,,,Y,,
svc-seed-farewell-d7cdaca0,Cremation Service - Standard,3999,cremation,,Dignified cremation service,Y,,,,,,,,,,,,Y,
svc-seed-farewell-a55e74fd,Cremation Service - Premium,6999,cremation,,Private cremation with ceremony,Y,,,,,,,,,,,,Y,
svc-seed-farewell-479e1cf7,Paw Print Keepsake,999,memorial,,Clay paw print impression,Y,,,,,,,,,,,,Y,
svc-seed-farewell-6629655d,Photo Memorial Frame,1499,memorial,,Custom photo memorial,Y,,,,,,,,,,,,Y,
svc-seed-farewell-94125864,Memorial Garden Stone,2499,memorial,,Engraved garden memorial,Y,,,,,,,,,,,,Y,
svc-seed-farewell-15584e8a,Pet Loss Counseling Session,999,services,,Grief support counseling,Y,,,,,,,,,,,,Y,
svc-seed-adopt-45858257,Adoption Counseling,0,services,,Free adoption guidance,Y,,,,,,,,,,,,,Y
svc-seed-adopt-54adefbc,Rescue Dog Rehabilitation,4999,services,,Behavior support for rescues,Y,,,,,,,,,,,,,Y
svc-seed-adopt-71274095,Foster-to-Adopt Program,0,programs,,Try before you commit,Y,,,,,Y,,,,,,,,Y
svc-seed-adopt-ffcdaa55,Senior Pet Adoption Support,999,services,,Support for adopting older pets,Y,,,,,,,,,,,,,Y
svc-seed-adopt-13400197,Second Chance Sponsorship,500,donation,,Sponsor a shelter pet,Y,,,,,,,,,,,,,Y
svc-seed-shop-e1b40287,Grooming Brush Set,799,grooming,,Complete brush collection,Y,,,,,Y,Y,,,,,,,
svc-svc-celebrate-7f5048e6,Birthday Pawty Planning - Home,4999,party-planning,,"Complete birthday celebration planning at your home. Includes dcor, cake coordination, photography, and party games for your furry friend and their pa",Y,Y,,,,,Y,,,,Y,,,
svc-svc-celebrate-1d7dabb1,Birthday Pawty Planning - Caf/Venue,7999,party-planning,,"Premium birthday celebration at a pet-friendly caf or venue. Full Concierge service with venue booking, dcor, catering, and entertainment.",Y,Y,,,,,Y,,,,Y,,,
svc-svc-celebrate-7a925790,Birthday Pawty Planning - Resort Experience,14999,party-planning,,"Luxury resort birthday experience. Exclusive venue, gourmet menu, spa treatments, and overnight stay option for the birthday pup.",Y,Y,,Y,,,Y,,,,Y,,,
svc-svc-celebrate-096f3547,Milestone Celebration - Puppy to Adult,2999,milestone,,Mark your puppy's transition to adulthood with a special ceremony. Includes growth photo compilation and celebration.,Y,Y,,,,,,,,,,,,
svc-svc-celebrate-7f1565c4,Milestone Celebration - Senior Honours,3499,milestone,,Honour your pet's golden years with a dignified senior celebration. Gentle activities suited to their pace.,Y,Y,,,,,,,,,,,,
svc-svc-celebrate-b5b832db,Surprise Delivery & Moment,1999,surprise,,"Surprise your pet parent with an unexpected celebration delivery. Perfect for birthdays, anniversaries, or just because.",Y,Y,,,,,,,,,,,,
svc-svc-celebrate-26caef13,Party Coordination Service,2499,coordination,,"Full party coordination without venue booking. We handle dcor, cake, invites, and guest management.",Y,Y,,,,,Y,,,,,,,
svc-svc-celebrate-68e6d5f5,Breed Day Celebration,2499,breed-day,,Celebrate your pet's breed heritage on their official Breed Day. Connect with other breed enthusiasts and honour their lineage.,Y,Y,,,,,,,,,,,,
svc-svc-celebrate-da88476b,Adoption Anniversary Ritual,1999,anniversary,,Annual ritual to celebrate the bond between you and your adopted pet. Includes donation to rescue organisations.,Y,,,,,,,,,,,,,Y
svc-svc-dine-2f4ace47,Nutrition Assessment & Meal Plan,1999,consultation,,"Comprehensive nutrition assessment by a certified pet nutritionist. Personalised meal plan based on breed, age, and health conditions.",Y,,Y,,,Y,,Y,,,Y,,,
svc-svc-dine-44e36ece,Diet Transition Support,1499,support,,Guided transition to new food with monitoring and adjustments. Ideal for switching to fresh food or managing sensitivities.,Y,,Y,,,,,,,,,,,
svc-svc-dine-ec77bdf1,Allergy Testing & Diet Planning,3999,health,,Comprehensive food allergy testing with elimination diet planning. Identify triggers and create a safe meal plan.,Y,,,,,Y,,,,,Y,,,
svc-svc-dine-d5633fd0,Home Cooking Workshop,2499,workshop,,Learn to prepare nutritious homemade meals for your pet. Hands-on workshop with recipes and tips.,Y,,Y,,,,,,,,,,,
svc-svc-dine-0d03dd02,Meal Prep Service - Weekly,1999,meal-prep,,Weekly meal preparation and portioning service. Fresh meals prepared and delivered to your doorstep.,Y,,Y,,,,,,,,,,,
svc-svc-stay-6268afff,Boarding Concierge - Standard,1499,boarding,,Full-service boarding coordination with our Concierge team. We find the perfect stay based on your pet's personality.,Y,,,Y,,Y,,,,,,,,
svc-svc-stay-9a248569,Boarding Concierge - Premium,2499,boarding,,"Premium boarding with luxury amenities. Private suite, spa treatment, and personalised attention.",Y,,,Y,,Y,,,,,,,,
svc-svc-stay-11abdb7a,Daycare Planning & Coordination,799,daycare,,"Regular daycare scheduling and coordination. We manage bookings, transportation, and daily reports.",Y,,,Y,,Y,,,,,Y,,,
svc-svc-stay-0c95a0ef,Home Pet Sitter Matching,999,pet-sitting,,"We match you with a vetted, compatible home pet sitter. Your pet stays in a loving home environment.",Y,,,Y,,Y,,,,,,,,
svc-svc-stay-10f6ffd7,Trial Stay Experience,499,trial,,Short trial stay to help your pet adjust to boarding. Perfect for anxious pets or first-timers.,Y,,,Y,,,,,,,,,,
svc-svc-travel-d9c2f29d,Pet Travel Planning - Domestic,2999,planning,,"Complete domestic travel planning for you and your pet. Flight/train bookings, pet-friendly stays, and itinerary.",Y,,,,Y,,,,,,Y,,,
svc-svc-travel-fbdc8657,Pet Travel Planning - International,9999,planning,,"Comprehensive international travel planning including documentation, quarantine requirements, and airline coordination.",Y,,,,Y,,,,,,Y,,,
svc-svc-travel-12312229,Pet Relocation Service - Domestic,14999,relocation,,End-to-end pet relocation within India. Door-to-door service with climate-controlled transport.,Y,,,,Y,,,,,Y,,,,
svc-svc-travel-3d30fbb1,Pet Relocation Service - International,49999,relocation,,"Complete international pet relocation with all documentation, customs clearance, and destination delivery.",Y,,,,Y,,,,,Y,,,,
svc-svc-travel-fe9aae55,Travel Documentation Service,3999,documentation,,"We handle all pet travel documentation - health certificates, import permits, and airline forms.",Y,,,,Y,,,,,Y,Y,,,
svc-svc-travel-7f7b4df1,Airport Assistance Service,1999,assistance,,"Personal assistance at the airport for pet check-in, security, and boarding. Reduces travel stress.",Y,,,,Y,,,,,,,,,
svc-svc-travel-9fa70123,Pet-Friendly Destination Research,999,research,,"Detailed research on pet-friendly destinations, activities, and accommodations for your trip.",Y,,,,,,,,,,Y,,,
svc-svc-care-391f33bc,Grooming Concierge - Full Service,1499,grooming,,"Premium grooming with Concierge coordination. We book, transport, and ensure your pet's comfort throughout.",Y,,,,,Y,Y,,,,,,,
svc-svc-care-4b3a0f05,Home Grooming Service,1999,grooming,,Professional grooming in the comfort of your home. Less stress for anxious pets.,Y,,,,,Y,Y,,,,,,,
svc-svc-care-ab1ef415,Vet Appointment Coordination,499,health,,"We schedule and coordinate all vet appointments. Reminders, transport, and report collection included.",Y,,,,,Y,,,,,,Y,,
svc-svc-care-dc450729,Wellness Programme - Annual,9999,wellness,,"Comprehensive annual wellness programme with scheduled check-ups, vaccinations, and preventive care.",Y,,,,,Y,,Y,,,,,,
svc-svc-care-350a66bc,Senior Pet Care Programme,12999,senior-care,,"Specialised care programme for senior pets. Enhanced monitoring, mobility support, and comfort care.",Y,,,,,Y,,,,,,,,
svc-svc-care-0d344ead,Post-Surgery Care Coordination,2999,recovery,,"Complete post-surgery care coordination including medication management, wound care, and recovery monitoring.",Y,,,,,Y,,,,,,,,
svc-svc-enjoy-57ba0150,Playdate Coordination Service,799,social,,We find compatible playmates and coordinate regular playdates for your social pup.,Y,,,,,,,,,,Y,,,
svc-svc-enjoy-a8ba8999,Social Calendar Management,1999,social,,"Monthly social calendar with curated events, meetups, and activities for your pet.",Y,,,,,,Y,,,,,,,
svc-svc-enjoy-a2f999b2,Adventure Day Out,2999,experience,,"Curated adventure day with hiking, beach visit, or nature exploration. Supervised fun for active dogs.",Y,,,,,,Y,,,,,,,
svc-svc-enjoy-aabd3519,Swimming Session - Pool,999,activity,,"Supervised swimming session at a pet pool. Great exercise and fun, especially in summer.",Y,,,,,,Y,,,,,,,
svc-svc-enjoy-87f1504a,Pet Caf Experience,1499,experience,,"Special outing to a pet caf with treats, playtime, and socialisation. Perfect for a pawrent-pet date.",Y,,,,,,Y,,,,,,,
svc-svc-learn-83554778,Behaviour Assessment & Plan,2499,assessment,,In-depth behaviour assessment with customised modification plan for specific issues.,Y,,,,,Y,,Y,Y,,,,,
svc-svc-learn-dd8da108,Private Training - Home Visit,1999,training,,One-on-one training session at your home. Address specific behaviours in familiar environment.,Y,,,,,Y,,Y,Y,,,,,
svc-svc-learn-d6d763c9,Puppy Socialisation Programme,4999,socialisation,,Structured socialisation programme for puppies during critical development period.,Y,,,,,,,,Y,,,,,
svc-svc-learn-185e5ed3,Reactivity Rehabilitation,8999,behaviour,,Intensive programme for reactive dogs. Build confidence and change responses to triggers.,Y,,,,,Y,,,Y,,,,,
svc-svc-learn-041b71ca,Separation Anxiety Programme,5999,behaviour,,Structured programme to address separation anxiety with gradual desensitisation.,Y,,,,,Y,,,Y,,,,,
svc-svc-learn-ea112dba,Canine Good Citizen Preparation,6999,certification,,Preparation course for Canine Good Citizen certification. Build skills for public access.,Y,,,,,,,,Y,,,,,
svc-svc-paperwork-e0b6d991,Breed Registration - KCI,4999,breed-registry,,Complete Kennel Club of India registration with pedigree documentation.,Y,,,,,,,,,Y,,,,Y
svc-svc-paperwork-28f1caa3,Pet Insurance Advisory,999,insurance,,"Compare and select the best pet insurance based on your pet's breed, age, and health history.",Y,,,,,,,,,,Y,,,
svc-svc-paperwork-58af97fc,Document Organisation Service,1499,organisation,,"We organise and digitise all your pet's documents in a secure, accessible format.",Y,,,,,,,,,,Y,,,
svc-svc-paperwork-2eeb4d14,Import/Export Permit Service,7999,permits,,Handle all permits and documentation for international pet movement.,Y,,,,,,,,,Y,,,,
svc-svc-advisory-313f87f4,New Pet Parent Consultation,1499,consultation,,Comprehensive consultation for new pet parents. Everything you need to know about caring for your new family member.,Y,,,,,Y,,,,,Y,,,
svc-svc-advisory-e266850f,Breed Selection Advisory,1999,advisory,,"Expert guidance to choose the perfect breed based on your lifestyle, home, and preferences.",Y,,,,,,,,,,Y,,,
svc-svc-advisory-48c9949f,Second Opinion Service,999,health,,Connect with specialist vets for second opinions on diagnoses or treatment plans.,Y,,,,,Y,,,,,,,,
svc-svc-advisory-bf6e8f0a,End-of-Life Consultation,1499,consultation,,Compassionate guidance during your pet's final chapter. Quality of life assessment and care planning.,Y,,,,,Y,,,,,Y,,,
svc-svc-emergency-442c9ca6,Lost Pet Search & Recovery,4999,search,,"Professional search team activated within hours. Flyers, social media, and ground search.",Y,,,,,,,,,,,Y,,
svc-svc-emergency-7f7d140a,Pet First Aid Training,2499,training,,Learn essential pet first aid skills. Certification included.,Y,,,,,Y,,Y,Y,,,,,
svc-svc-farewell-eb4da3dc,Rainbow Bridge Ceremony - Complete,9999,ceremony,,"Dignified farewell ceremony with cremation, memorial service, and keepsakes.",Y,,,,,,,,,,,,Y,
svc-svc-farewell-6c595c14,At-Home Euthanasia Coordination,4999,end-of-life,,Arrange peaceful at-home euthanasia with a compassionate vet. Dignified goodbye in familiar surroundings.,Y,,,,,,,,,,,,Y,
svc-svc-farewell-072144bb,Memorial Planning Service,2999,memorial,,"Complete memorial planning including keepsakes, tribute video, and remembrance options.",Y,,,,,,,,,,Y,,Y,
svc-svc-farewell-81704345,Grief Support Sessions,1499,support,,Professional grief counselling for pet loss. Individual or family sessions available.,Y,,,,,,,,,,,,Y,
svc-svc-adopt-1d41ca6f,Foster-to-Adopt Programme,999,programme,,Trial foster period before committing to adoption. Support throughout the transition.,Y,,,,,Y,,,,,,,,Y
svc-PROD-B04D6E0B0E54,Agility Training Set,0,training-equipment,,,Y,,,,,Y,Y,Y,Y,,,,,
svc-PROD-62FC20BB6710,Interactive Puzzle Feeder,0,mental-fitness,,,Y,,,,,Y,,Y,,,,,,
svc-PROD-A942D09526CB,Balance Board for Dogs,0,core-training,,,Y,,,,,Y,,Y,Y,,,,,
svc-PROD-7C422F22E055,Tug Rope - Heavy Duty,0,strength,,,Y,,,,,,,,,,Y,,,
svc-PROD-5C48703D7A1C,Cooling Vest,0,weather-gear,,,Y,,,,,,,,,,Y,,,
svc-PROD-6F6D84BDC0E9,Portable Water Bottle,0,hydration,,,Y,,,,,,,,,,Y,,,
svc-PROD-A0564BEEC5EC,Pet Health Monitor,0,advisory,,,Y,,,,,Y,,,,,,,,
svc-PROD-A1863A58DC1B,Pheromone Calming Diffuser,0,advisory,,,Y,,,,,,,,,,Y,,,
svc-PROD-79B99C9EAE9F,Pet Weight Management Scale,0,advisory,,,Y,,Y,,,Y,,Y,,,,,,
svc-PROD-2DDF6CE64594,Senior Pet Mobility Ramp,0,advisory,,,Y,,,,,,,,,,Y,,,
svc-PROD-F9A3CC092F39,GPS Pet Tracker - Real Time,0,emergency,,,Y,,,,,Y,,,,,,Y,,
svc-PROD-A965615904A2,GPS Pet Tracker - Mini (Cats & Small Dogs),0,emergency,,,Y,,,,,Y,,,,,,Y,,
svc-PROD-043BC49784BC,Smart QR ID Tag - Emergency,0,emergency,,,Y,,,,,Y,,,,,,Y,,
svc-PROD-152B28DF6024,High-Visibility Reflective Vest,0,emergency,,,Y,,,,,Y,,,,,,Y,,
svc-PROD-71B4BBAC613C,Soft Emergency Muzzle Set (3 Sizes),0,emergency,,,Y,,,,,Y,,,,,,Y,,
svc-PROD-47DBD1D3E4B5,Emergency Calming Spray,0,emergency,,,Y,,,,,Y,,,,,,Y,,
svc-PROD-3E1D5C1620CF,Smart QR ID Tag,0,paperwork,,,Y,,,,,,,,,Y,,,,
svc-PROD-D8983D38FF03,Digital Pet ID Card,0,paperwork,,,Y,,,,,,,,,Y,,,,
svc-PROD-5B40E90BEC36,Digital Health Record Wallet,0,paperwork,,,Y,,,,,Y,,,,,,,,
svc-PROD-D107BDD9357E,TDC Health File Folder,0,paperwork,,,Y,,,,,Y,,,,,,,,
svc-PROD-9C95D4BDF688,Vaccination Booklet Holder,0,paperwork,,,Y,,,,,,,,,Y,,,,
svc-PROD-AC067D096252,Waterproof Document Sleeve,0,paperwork,,,Y,,,,,,,,,Y,,,,
svc-PROD-72C0658B94A3,Travel Document Pouch,0,paperwork,,,Y,,,,Y,,,,,,Y,,,
svc-PROD-B2C5887FA570,Emergency Document Wallet,0,paperwork,,,Y,,,,,Y,,,,,,Y,,
svc-PROD-6228C21DF7F2,Emergency Contact Cards (Pack of 5),0,paperwork,,,Y,,,,,Y,,,,,,Y,,
svc-PROD-DD9E2442FCB4,Pet Insurance Document Organizer,0,paperwork,,,Y,,,,,,,,,,Y,,,
svc-PROD-482BF9EC24AE,Annual Compliance Checklist,0,paperwork,,,Y,,,,,,,,,Y,,,,
svc-PROD-1B2DC302D424,Smart Activity Tracker,0,fit,,,Y,,,,,,,Y,,,,,,
svc-PROD-A938A011CBB1,Pet Weight Scale,0,fit,,,Y,,Y,,,Y,,Y,,,,,,
svc-PROD-550F0F7BAFC7,Automatic Ball Launcher,0,fit,,,Y,,,,,,,Y,,,,,,
svc-PROD-F74AADD1F080,Pet Treadmill,0,fit,,,Y,,,,,,,Y,,,,,,
svc-PROD-8A93C77102D9,Swimming Safety Vest,0,fit,,,Y,,,,,,,Y,,,,,,
svc-PROD-1ADD9E952CB3,Joint Support Supplement,0,fit,,,Y,,,,,,,Y,,,,,,
svc-PROD-D47FAB5ABD8B,Cooling Exercise Vest,0,fit,,,Y,,,,,,,Y,,,,,,
svc-PROD-BB71B4AAA52A,Canine Balance Board,0,fit,,,Y,,,,,,,Y,,,,,,
svc-PROD-F19DE643DFD0,Social Butterfly Bandana,0,enjoy,,,Y,,,,,,Y,,,,,,,
svc-PROD-3ED36187B10C,Cooling Vest for Outdoor Fun,0,enjoy,,,Y,,,,,,Y,,,,,,,
svc-PROD-A1F794467B3C,Safety Swim Vest,0,enjoy,,,Y,,,,,,Y,,,,,,,
svc-PROD-CAECA555999E,Event Day Backpack,0,enjoy,,,Y,,,,,,Y,,,,,,,
svc-PROD-B3CCF01E24A5,Portable Outdoor Bed,0,enjoy,,,Y,,,,,,Y,,,,,,,
svc-PROD-1E8FFC699847,Social Profile Tag,0,enjoy,,,Y,,,,,,Y,,,,,,,
svc-stay-696d061f899ee8015c535faa,The Leela Goa,12000,stay,,Luxury beachfront resort set amidst 75 acres of lush gardens. One of India's most pet-welcoming luxury properties with dedicated pet amenities.,Y,,,Y,,,,,,,,,,
svc-stay-696d061f899ee8015c535fab,W Goa,12000,stay,,Trendy beachside escape with vibrant design and pet-friendly policies. Perfect for young pet parents seeking style and comfort.,Y,,,Y,,,,,,,,,,
svc-stay-696d061f899ee8015c535fac,Ahilya By the Sea,5000,stay,,Intimate heritage property with just 8 rooms. Dogs are treated as family here with personalized care.,Y,,,,,,,,,,Y,,,
svc-stay-696d061f899ee8015c535fad,SUJN Jawai,12000,stay,,Luxury tented camp in leopard country. One of India's most exclusive pet-friendly wilderness experiences.,Y,,,Y,,,,,,,,,,
svc-stay-696d061f899ee8015c535fae,Taj Lake Palace,25000,stay,,Iconic floating palace on Lake Pichola. Pets are welcomed as royal guests with special arrangements.,Y,,,Y,,,,,,,,,,
svc-stay-696d061f899ee8015c535faf,The Oberoi Rajvilas,12000,stay,,32-acre luxury resort with Rajasthani architecture. Pets are pampered with dedicated walking areas.,Y,,,Y,,,,,,,,,,
svc-stay-696d061f899ee8015c535fb0,CGH Earth - Coconut Lagoon,12000,stay,,Eco-friendly backwater resort accessible only by boat. Pets enjoy the natural surroundings.,Y,,,Y,,,,,,,,,,
svc-stay-696d061f899ee8015c535fb1,Marari Beach Resort,12000,stay,,Beachside eco-resort with traditional Kerala cottages. Perfect for beach-loving dogs.,Y,,,Y,,,,,,,,,,
svc-stay-696d061f899ee8015c535fb2,The Oberoi Cecil,5000,stay,,Colonial heritage hotel with stunning mountain views. Pets enjoy the crisp mountain air.,Y,,,Y,,,,,,,,,,
svc-stay-696d061f899ee8015c535fb3,Wildflower Hall,12000,stay,,"Former residence of Lord Kitchener at 8,250 ft. Surrounded by cedar forests perfect for pet walks.",Y,,,Y,,,,,,,,,,
svc-stay-696d061f899ee8015c535fb6,Della Resorts,12000,stay,,Adventure resort with India's largest collection of adventure activities. Pet-friendly rooms available.,Y,,,Y,,,,,,,,,,
svc-stay-696d061f899ee8015c535fb7,Radisson Blu Resort & Spa Alibaug,12000,stay,,Beachside resort perfect for weekend getaways from Mumbai. Pet-friendly rooms with garden access.,Y,,,,,Y,Y,,,,,,,
svc-stay-696d061f899ee8015c535fb8,Evolve Back Coorg,12000,stay,,Luxury plantation resort in coffee country. Expansive grounds perfect for pets to explore.,Y,,,Y,,,,,,,,,,
svc-stay-696d061f899ee8015c535fb9,The Serai Kabini,12000,stay,,Wildlife resort on the banks of Kabini River. Perfect for nature-loving pet families.,Y,,,Y,,,,,,,,,,
svc-stay-696d061f899ee8015c535fba,The Tamara Kodai,12000,stay,,Boutique resort in the Palani Hills. Misty mountains and forest walks for pets.,Y,,,Y,,,,,,,,,,
svc-stay-696d061f899ee8015c535fbb,Taj Fisherman's Cove,12000,stay,,Beachfront resort near Chennai. Pet-friendly cottages with direct beach access.,Y,,,Y,,,,,,,,,,
svc-stay-696d061f899ee8015c535fbc,"The Oberoi, Gurugram",5000,stay,,Urban luxury hotel with pet-friendly rooms. Ideal for business travelers with pets.,Y,,,,,,,,,,Y,,,
svc-stay-696d061f899ee8015c535fbd,ITC Grand Bharat,12000,stay,,All-suite resort spread across 100 acres. Pets enjoy the expansive grounds and golf course.,Y,,,Y,,,,,,,,,,
svc-stay-696d061f899ee8015c535fbe,Taj Exotica Resort & Spa,12000,stay,,Island paradise with pet-friendly villas. Near Asia's best beach.,Y,,,,,Y,Y,,,,,,,
svc-stay-696d061f899ee8015c535fbf,Palais De Mahe,5000,stay,,Boutique heritage hotel in French Quarter. Pet-friendly rooms with courtyard access.,Y,,,Y,,,,,,,,,,
svc-stay-696d061f899ee8015c535fc0,Treehouse Jaipur,5000,stay,,Unique treehouse-style property with pet-friendly rooms. Great city views.,Y,,,Y,,,,,,,,,,
svc-stay-696d061f899ee8015c535fc1,SaffronStays Casa Del Sol,5000,stay,,Private villa perfect for pet families. Fully fenced garden and pool.,Y,,,Y,,,,,,,,,,
svc-stay-696d061f899ee8015c535fc2,Atmantan Wellness Centre,12000,stay,,Luxury wellness resort with pet-friendly options. Holistic retreat for you and your pet.,Y,,,,,Y,,Y,,,,,,
svc-stay-696d061f899ee8015c535fc3,Himalaica,5000,stay,,Cozy mountain homestay with incredible views. Dogs love the apple orchards.,Y,,,Y,,,,,,,,,,
svc-stay-696d061f899ee8015c535fc4,Camp Wildex,12000,stay,,Adventure camp by the Ganges. Perfect for active pet families.,Y,,,Y,,,,,,,,,,
svc-stay-696d061f899ee8015c535fc5,The Windflower Prakruthi,12000,stay,,Nature resort near Bangalore airport. Great for pet staycations.,Y,,,Y,,,,,,,,,,
svc-stay-696d061f899ee8015c535fc6,Mahua Kothi,12000,stay,,Luxury jungle lodge near tiger reserve. Pet-friendly with precautions.,Y,,,Y,,,,,,,,,,
svc-stay-696d061f899ee8015c535fc7,Vivanta Dal View,5000,stay,,Lakeside luxury with Dal Lake views. Pet-friendly rooms with garden access.,Y,,,Y,,,,,,,,,,
svc-stay-696d061f899ee8015c535fc8,The Machan,12000,stay,,Treehouse eco-resort in the forest. Unique experience for nature-loving pets.,Y,,,Y,,,,,,,,,,
svc-stay-696d061f899ee8015c535fc9,Aahana Resort,12000,stay,,Nature resort at the foothills of the Himalayas. Pet-friendly with large grounds.,Y,,,Y,,,,,,,,,,
svc-boarding-69787d6a3fbee8a72eb13f67,Pawsome Pet Resort,1500,boarding,,Luxury pet resort with spacious rooms and 24/7 vet access,Y,,,Y,,Y,,,,,,,,
svc-boarding-69787d6a3fbee8a72eb13f68,Happy Tails Boarding,800,boarding,,Cozy home environment with personal attention,Y,,,Y,,Y,,,,,,,,
svc-boarding-69787d6a3fbee8a72eb13f69,Pet Paradise Delhi,1200,boarding,,Luxury pet boarding with individual suites and personalized care,Y,,,Y,,Y,,,,,,,,
svc-PROD-0FFA097BFEAE,Pet-Friendly Hotel Stay,0,hotel,,,Y,,,Y,Y,,,,,,,,,
svc-PROD-C856199055D2,Resort Getaway with Pets,0,resort,,,Y,,,Y,,,,,,,,,,
svc-PROD-EDA35289A625,Private Villa Rental,0,villa,,,Y,,,,,,,,,,Y,,,
svc-PROD-FA4435430533,Countryside Farmstay,0,farmstay,,,Y,,,Y,,,,,,,,,,
svc-PROD-2D04300F4A79,Premium Pet Boarding,0,boarding,,,Y,,,Y,,Y,,,,,,,,
svc-PROD-EA4C3657AEE4,Standard Pet Boarding,0,boarding,,,Y,,,Y,,Y,,,,,,,,
svc-PROD-86D3B6F5F70D,Home-style Pet Boarding,0,homestay,,,Y,,,Y,Y,Y,,,,,,,,
svc-PROD-D93F6220C860,Pet Daycare - Full Day,0,daycare,,,Y,,,Y,,Y,,,,,,,,
svc-PROD-557FA7031AB5,Pet-Friendly Cab Service,0,cab,,,Y,,,,Y,,,,,,,,,
svc-PROD-B6C7791C00B8,Train Travel Assistance,0,train,,,Y,,,,Y,,,,,,Y,,,
svc-PROD-C39634C3CEDD,Domestic Flight Coordination,0,flight,,,Y,,,,Y,,,,,,,,,
svc-PROD-AA7BD1002E51,Pet Taxi - City Rides,0,taxi,,,Y,,,,Y,,,,,,,,,
svc-PROD-E2B791EAA694,Bath & Brush,0,grooming,,,Y,,,,,Y,Y,,,,,,,
svc-PROD-2054D6966F5F,Daily Dog Walking,0,walking,,,Y,,,,,Y,,Y,,,,,,
svc-PROD-03407A0BBFD4,Pet Sitting (8 Hours),0,sitting,,,Y,,,Y,,Y,,,,,,,,
svc-PROD-8C21C8B5AB85,Basic Obedience Training,0,training,,,Y,,,,,Y,,Y,Y,,,,,
svc-PROD-9ED37697CC22,Vet Consultation Booking,0,vet,,,Y,,,,,Y,,,,,Y,Y,,
svc-PROD-1B4B9807E262,Agility Training Class,0,agility,,,Y,,,,,Y,Y,Y,Y,,,,,
svc-PROD-B19A48A8F5F8,Dog Park Day Pass,0,park,,,Y,,,,,,Y,,,,,,,
svc-PROD-DDB61969ADCC,Pet Cafe Voucher,0,cafe,,,Y,,Y,,,,Y,,,,,,,
svc-PROD-750BE03D6799,Beach Day Experience,0,beach,,,Y,,,,,,Y,,,,,,,
svc-PROD-6C40202B715E,Puppy Training Course,0,puppy,,,Y,,,,,Y,,Y,Y,,,,,
svc-PROD-FB8A502EBBD3,Fun Tricks Workshop,0,tricks,,,Y,,,,,,,,Y,,,,,
svc-69763578bf962b2a4806bb6c,Biodegradable Poop Bags (120 count),0,care,,Eco-friendly waste bags. Extra thick and leak-proof.,Y,,,,,Y,,,,,,,,
svc-6977d50cf1ba3c3bd6e57597,Puppy Daycare (under 1 year),0,daycare,,Specialized care for young puppies,Y,,,Y,,Y,,,,,,,,
svc-6977d50cf1ba3c3bd6e575bb,Weight Loss Program (4 weeks),0,programs,,Structured weight management program,Y,,Y,,,Y,,Y,,,,,,
svc-6977d50cf1ba3c3bd6e575c5,Puppy Kindergarten (8 weeks),0,training,,Foundation training for puppies,Y,,,,,Y,,Y,Y,,,,,
svc-697838c4fdefa8a5b3756286,Soft Emergency Muzzle Set (3 sizes),0,emergency,,Breathable mesh muzzle set for safe handling during injuries. Non-intimidating design.,Y,,,,,Y,,,,,,Y,,
svc-69787d6ab1ffb9d0ef5fe0ee,Ahilya by the Sea,0,stay,,Intimate heritage property with just 8 rooms. Dogs are treated as family here with personalized care.,Y,,,Y,,,,,,,,,,
svc-69787d6ab1ffb9d0ef5fe127,Palais de Mahe,0,stay,,Boutique heritage hotel in French Quarter. Pet-friendly rooms with courtyard access.,Y,,,Y,,,,,,,,,,
svc-697888da1b42203bef3270d5,Pet Resort Getaway,0,resort,,Luxury resort for pets,Y,,,Y,,,,,,,,,,
svc-697888da1b42203bef3270f3,Pet Sitting (8 hours),0,sitting,,In-home pet sitting,Y,,,Y,,Y,,,,,,,,
svc-6978936e1b42203bef327c71,Pet Adventure Day,0,adventure,,Guided outdoor adventure,Y,,,,,,,,,,Y,,,
svc-6978936e1b42203bef327c75,Basic Grooming,0,basic,,Bath and brush,Y,,,,,Y,Y,,,,,,,
svc-6978936e1b42203bef327c77,Nail Trim & Filing,0,nail,,Professional nail care,Y,,,,,,,,,,Y,,,
svc-6978936e1b42203bef327c79,Adoption Consultation,0,consultation,,Find your perfect match,Y,,,,,Y,,,,,Y,,,Y
svc-6978936e1b42203bef327c7d,Post-Adoption Support,0,support,,30-day support package,Y,,,,,,,,,,,,,Y
svc-6978936e1b42203bef327c7f,Memorial Service,0,memorial,,Dignified memorial ceremony,Y,,,,,,,,,,,,Y,
svc-6978936e1b42203bef327c81,Private Cremation,0,cremation,,Private cremation service,Y,,,,,,,,,,,,Y,
svc-6978936e1b42203bef327c87,Premium Reservation Service,0,service,,Guaranteed pet-friendly seating,Y,,,,,,,,,,Y,,,
svc-6978936e1b42203bef327c8d,Premium Coverage Plan,0,insurance,,Comprehensive insurance,Y,,,,,,,,,,Y,,,
svc-6978936e1b42203bef327c8f,Accident Only Plan,0,insurance,,Accident coverage,Y,,,,,,,,,,Y,,,
svc-PROD-BFE3F2280142,TEST_Product_20260127163538,0,,,,Y,,,,,Y,,,,,,,,
svc-PROD-9D6CD1ACECAA,Woof Woof Inn,0,boarding,,,Y,,,Y,,Y,,,,,,,,
svc-PROD-7748FF2AE515,Pet Paradise,0,boarding,,,Y,,,Y,,Y,,,,,,,,
svc-PROD-F93923E1924D,Furry Friends Haven,0,boarding,,,Y,,,Y,,Y,,,,,,,,
svc-PROD-B05597A41C87,K9 Comfort Zone,0,boarding,,,Y,,,Y,,Y,,,,,,,,
svc-PROD-80831CD98BC1,Doggy Daycare & Stay,0,boarding,,,Y,,,Y,,Y,,,,,,,,
svc-PROD-99933649AFC7,Paws & Relax,0,boarding,,,Y,,,Y,,Y,,,,,,,,
svc-PROD-731F55854916,The Barking Lot,0,boarding,,,Y,,,Y,,Y,,,,,,,,
svc-PROD-77E11E436578,Snout House,0,boarding,,,Y,,,Y,,Y,,,,,,,,
svc-PROD-20F63A029858,Tail Waggers Resort,0,boarding,,,Y,,,Y,,Y,,,,,,,,
svc-PROD-B32A4EDECAE1,Cuddles Pet Care,0,boarding,,,Y,,,Y,,Y,,,,,,,,
svc-PROD-755FEDC753C9,Canine Castle Mumbai,0,boarding,,,Y,,,Y,,Y,,,,,,,,
svc-PROD-6662F741F7C7,Paws & Play Delhi,0,boarding,,,Y,,,Y,,Y,,,,,,,,
svc-PROD-BA6C178F255B,The Dog Lodge Gurgaon,0,boarding,,,Y,,,Y,,Y,,,,,,,,
svc-PROD-FE005F55E37A,Furry Friends Pune,0,boarding,,,Y,,,Y,,Y,,,,,,,,
svc-PROD-8AAD5AB36F94,Wagging Tails Hyderabad,0,boarding,,,Y,,,Y,,Y,,,,,,,,
svc-PROD-57AA27BE46AC,Pet Paradise Chennai,0,boarding,,,Y,,,Y,,Y,,,,,,,,
svc-697c3ed8d9fc024950dca197,Allergy-Safe Diet Planning,0,feed,,Specialized diet planning for pets with food allergies,Y,,,,,,,,,,Y,,,
svc-697c3ed8d9fc024950dca199,Puppy Nutrition Programme,0,feed,,Age-appropriate nutrition guidance for growing puppies,Y,,Y,,,Y,,,,,Y,,,
svc-697c3ed8d9fc024950dca19b,Senior Pet Nutrition,0,feed,,Specialized nutrition support for aging pets,Y,,Y,,,Y,,,,,Y,,,
svc-697c3ed8d9fc024950dca19d,Prescription Diet Coordination,0,feed,,Help sourcing and managing prescription diets,Y,,,,,,,,,,Y,,,
svc-697c3ed8d9fc024950dca1a9,Free Insurance Quote Comparison,0,insure,,Get quotes from multiple pet insurance providers - completely free,Y,,,,,,,,,,Y,,,
svc-697c3ed8d9fc024950dca1ab,Policy Review & Optimization,0,insure,,Expert review of your current pet insurance policy,Y,,,,,,,,,,,,,
svc-697c3ed8d9fc024950dca1ad,Claim Filing Assistance,0,insure,,Professional help filing and tracking insurance claims,Y,,,,,,,,,,,,,
svc-697c3ed8d9fc024950dca1af,Renewal Management Service,0,insure,,Never miss a renewal with automated reminders,Y,,,,,,,,,,,,,
svc-697dbae5572fc2185da93e75,Comfort Crate for New Pets,0,adopt,,Cozy crate to help adopted pets feel safe,Y,,,,,,,,,,,,,Y
svc-697dbae5572fc2185da93e77,Rescue Calming Supplement,0,adopt,,Natural calming aid for anxious rescue pets,Y,,,,,,,,,,,,,Y
svc-697dbae5572fc2185da93e79,Orthopedic Comfort Bed,0,adopt,,Memory foam bed for senior rescues,Y,,,,,,,,,,,,,Y
svc-697dbae5572fc2185da93e7d,Shelter Donation Gift Card,0,adopt,,Support local shelters with a donation,Y,,,,,,,,,,,,,Y
svc-697dbae5572fc2185da93e7f,Dog Treadmill (Small),0,fit,,Indoor exercise treadmill for small dogs,Y,,,,,,,Y,,,,,,
svc-697dbae5572fc2185da93e81,Weighted Vest for Dogs,0,fit,,Adjustable weight vest for strength training,Y,,Y,,,Y,,Y,,,,,,
svc-697dbae5572fc2185da93e87,Exercise Ball Launcher,0,fit,,Automatic ball launcher for fetch exercises,Y,,,,,,,Y,,,,,,
svc-697dbaeb572fc2185da93e9b,Squeaky Ball Set (3 pack),0,enjoy,,Durable tennis balls with squeaker,Y,,,,,,Y,,,,,,,
svc-697dbaeb572fc2185da93ea1,Portable Dog Pool,0,enjoy,,Foldable splash pool for summer fun,Y,,,,,,Y,,,,,,,
svc-697dbaeb572fc2185da93ea3,Party Bandana Set,0,enjoy,,Stylish bandanas for meetups & events,Y,Y,,,,,Y,,,,,,,
svc-tdc-4e286279e18a,Professional Deshedding Brush,849.0,grooming,,"Stainless steel deshedding tool reduces shedding by up to 90%. Ergonomic handle, gentle on skin. For medium to large coats.",Y,,,,,Y,Y,,,,,,,
svc-tdc-f30a7b52c8c4,Gentle Oatmeal Shampoo - 500ml,549.0,grooming,,"Soothing oatmeal formula for sensitive skin. pH balanced, paraben-free. Leaves coat soft, shiny, and fresh-smelling.",Y,,,,,Y,Y,,,,,,,
svc-tdc-5463661d58e0,Nail Clipper & File Set,449.0,grooming,,"Professional-grade nail clipper with safety guard. Includes nail file and quick guide. Stainless steel, non-slip grip.",Y,,,,,Y,Y,,,,,,,
svc-tdc-e72bcd5a54e8,Paw Balm & Nose Butter Duo,699.0,grooming,,"Organic balm set for cracked paws and dry noses. Made with shea butter, coconut oil, and vitamin E. Safe if licked.",Y,,,,,Y,Y,,,,,,,
svc-tdc-f49554dcf585,Ear Cleaning Solution - 120ml,399.0,grooming,,"Gentle ear cleaner removes wax and debris. Prevents infections, reduces odor. Vet-recommended formula.",Y,,,,,Y,Y,,,,,,,
svc-travel-171532b1a134,Wahl Cargo Seat Cover for Pets,1898.0,car-accessories,,"Premium cargo area seat cover to protect your car from pet hair, dirt, and scratches. Waterproof backing, machine washable. Universal fit for most SUV",Y,,,,Y,,,,,,,,,
svc-travel-c9a35347e75a,Pet Passport & Document Holder,549.0,travel-accessories,,"Organized document holder for all pet travel paperwork. Holds vaccination records, health certificates, insurance, and ID. Water-resistant material. P",Y,,,,Y,,,,,,Y,,,
svc-travel-07dae68ed728,Car Window Mesh Barrier,799.0,car-accessories,,Breathable mesh barrier for car windows. Allows fresh air while preventing pets from jumping out. Easy magnetic installation. Set of 2 for front or re,Y,,,,Y,,,,,,,,,
svc-dine-item-f9230be5,TDC Freeze-dried Liver,349,general,,Individual item from Gourmet Treats Box. Premium quality dining essential from The Doggy Company.,Y,,Y,,,,,,,,,,,
svc-dine-item-0229ab12,TDC Dental Chews,249,general,,Individual item from Gourmet Treats Box. Premium quality dining essential from The Doggy Company.,Y,,,,,Y,,,,,,,,
svc-dine-item-475cda5d,TDC Photo Frame,999,photo_services,,Individual item from Adoption Anniversary Special. Premium quality dining essential from The Doggy Company.,Y,,Y,,,,,,,,,,,
svc-dine-item-b75c8ac7,TDC Gourmet Meal,399,meals,,Individual item from Puppy Date Night. Premium quality dining essential from The Doggy Company.,Y,,Y,,,,,,,,,,,
svc-dine-item-6910756b,TDC Dine-fresh-chicken,399,general,,Individual item from Weekly Fresh Meal Plan. Premium quality dining essential from The Doggy Company.,Y,,Y,,,,,,,,,,,
svc-dine-item-58a0bc3e,TDC Dine-lamb-rice,399,general,,Individual item from Weekly Fresh Meal Plan. Premium quality dining essential from The Doggy Company.,Y,,Y,,,,,,,,,,,
svc-dine-item-587ac910,TDC Dine-fish-omega,399,general,,Individual item from Weekly Fresh Meal Plan. Premium quality dining essential from The Doggy Company.,Y,,Y,,,,,,,,,,,
svc-enjoy-prod-ball,Squeaky Ball Set (3 Pack),299,enjoy,,Durable tennis balls with squeaker,Y,,,,,,Y,,,,,,,
svc-travel-prod-a9ec81b2,Pet Passport Holder,399,travel,,"Waterproof holder for vaccination records, health certificates, and ID tags.",Y,,,,Y,,,,,,Y,,,
svc-travel-prod-555f5c1e,Motion Sickness Relief Drops,349,travel,,Natural remedy for car sickness. Give 30 mins before travel.,Y,,,,Y,,,,,,Y,,,
svc-adopt-prod-anxiety-wrap,ThunderShirt Anxiety Wrap,1899,adopt-calming,,"Pressure wrap that applies gentle, constant pressure to reduce anxiety",Y,,,,,,,,,,,,,Y
svc-adopt-prod-crate-soft,Soft-Sided Comfort Crate,2499,adopt-comfort,,Cozy collapsible crate with plush lining - perfect safe space for new pets,Y,,,,,,,,,,,,,Y
svc-adopt-prod-hideaway,Covered Pet Hideaway Bed,1799,adopt-comfort,,Cave-style bed providing security for nervous rescues,Y,,,,,,,,,,,,,Y
svc-adopt-prod-orthopedic-bed,Orthopedic Memory Foam Bed,2999,adopt-comfort,,Premium memory foam bed for senior or injured rescue pets,Y,,,,,,,,,,,,,Y
svc-adopt-prod-snuffle-mat,Snuffle Mat for Slow Feeding,799,adopt-enrichment,,Interactive feeding mat that encourages natural foraging behavior,Y,,,,,,,,,,,,,Y
svc-adopt-prod-probiotic,Digestive Health Probiotic,999,adopt-health,,Probiotic supplement to help rescued pets adjust to new diet,Y,,,,,Y,,,,,,,,
svc-adopt-prod-immune-boost,Immune Support Supplement,1199,adopt-health,,Boost immunity during the transition period with vitamins & antioxidants,Y,,,,,Y,,,,,,,,
svc-adopt-prod-gentle-shampoo,Gentle Rescue Pet Shampoo,499,adopt-grooming,,"Hypoallergenic, tear-free shampoo for sensitive rescue pets",Y,,,,,Y,Y,,,,,,,
svc-adopt-prod-guide-book,Adoption Success Handbook,449,adopt-guide,,Complete guide to helping your rescue pet adjust and thrive,Y,,,,,,,,,,,,,Y
svc-adopt-prod-behavior-guide,Understanding Rescue Behavior,549,adopt-guide,,Expert guide on common rescue pet behaviors and how to help,Y,,,,,,,,Y,,,,,
svc-adopt-prod-donation-500,Shelter Support - 500,500,adopt-donation,,Donate to local shelters and support rescue operations,Y,,,,,,,,,,,,,Y
svc-adopt-prod-donation-1000,Shelter Support - 1000,1000,adopt-donation,,Generous donation to help rescue more animals in need,Y,,,,,,,,,,,,,Y
svc-stay-prod-travel-food-container,Airtight Travel Food Container,899,travel-feeding,,"3-compartment container for food, treats, and supplements - leak-proof design.",Y,,,,Y,,,,,,Y,,,
svc-stay-prod-bed-portable,Portable Memory Foam Travel Bed,1799,travel-comfort,,"Lightweight, foldable bed with removable, washable cover - rolls up for easy packing.",Y,,,,Y,,,,,,Y,,,
svc-stay-prod-cooling-mat,Pressure-Activated Cooling Mat,1299,travel-comfort,,Self-cooling gel mat for hot weather travel - no refrigeration needed.,Y,,,,Y,,,,,,Y,,,
svc-stay-prod-car-seat,Elevated Pet Car Seat,2299,travel-safety,,Booster seat with safety tether - lets small pets see out the window safely.,Y,,,,Y,,,,,,Y,,,
svc-stay-prod-calming-treats,Travel Calming Chews,799,travel-calming,,"Soft chews with chamomile, valerian & L-theanine - 30 count.",Y,,,,Y,,,,,,Y,,,
svc-stay-prod-motion-sickness,Motion Sickness Relief Tablets,599,travel-health,,Natural anti-nausea tablets for car and air travel - 30 tablets.,Y,,,,Y,Y,,,,,Y,,,
svc-stay-prod-pet-passport,Pet Travel Document Organizer,699,travel-docs,,"Waterproof organizer for vaccination records, health certificates, and ID.",Y,,,,Y,,,,,,Y,,,
svc-stay-prod-id-tags,Engraved Travel ID Tag Set,399,travel-docs,,"Set of 2 durable metal tags with name, phone & destination info.",Y,,,,Y,,,,,,Y,,,
svc-fit-product-45c35fa8,Agility Training Hurdle Set,1299,fit,,Adjustable hurdles for backyard agility training,Y,,,,,Y,Y,Y,Y,,,,,
svc-fit-product-c9bbcf1b,Dog Treadmill - Compact,8999,fit,,Indoor exercise treadmill for dogs up to 25kg,Y,,,,,,,Y,,,,,,
svc-fit-product-ac023770,Swimming Vest for Dogs,999,fit,,Buoyancy vest for safe water exercise and swimming,Y,,,,,,,Y,,,,,,
svc-fit-product-f67ff376,Snuffle Mat - Large,699,fit,,Enrichment mat for mental stimulation during feeding,Y,,,,,,,Y,,,,,,
svc-fit-product-122b5f91,Weighted Exercise Vest,1799,fit,,Adjustable weighted vest for strength training walks,Y,,Y,,,Y,,Y,,,,,,
svc-travel-b1f06bf6,Premium Car Seat for Dogs,3499,travel-safety,,"Elevated car seat with safety harness attachment. Plush memory foam, waterproof base. Perfect for road trips.",Y,,,,Y,,,,,,Y,,,
svc-travel-c9e34699,Pet Travel Bag Organizer,1499,travel-accessories,,"Multi-pocket bag for all pet essentials. Fits food, treats, bowls, toys, documents. Waterproof base, shoulder strap.",Y,,,,Y,,,,,,Y,,,
svc-travel-d3a5a022,Portable Travel Bed,1999,travel-comfort,,Foldable memory foam bed with waterproof cover. Sets up in seconds. Provides familiar comfort away from home.,Y,,,,Y,,,,,,Y,,,
svc-travel-1f08385f,Calming Travel Spray,699,travel-health,,"Pheromone-based spray for carriers, cars, hotel rooms. Reduces travel anxiety naturally. Vet recommended.",Y,,,,Y,Y,,,,,Y,,,
svc-travel-3c00808d,Pet Passport Holder & Document Organizer,899,travel-docs,,"Premium holder for vaccination records, health certificates, ID tags. RFID-protected pocket for microchip info.",Y,,,,Y,,,,,,Y,,,
SVC-GROOM-FULL,Full Spa Grooming,1500,grooming,,"Complete spa experience with massage, premium products",Y,,,,,Y,Y,,,,,,,
SVC-VET-CONSULT,Vet Consultation,600,vet,,General health checkup and consultation,Y,,,,,Y,,,,,Y,Y,,
SVC-CELEB-BDAY-HOME,Birthday Party - Home,5000,,,Complete birthday planning and execution at your home,Y,Y,,,,,Y,,,,,,,
SVC-CELEB-BDAY-VENUE,Birthday Party - Venue,8000,,,Birthday celebration at a pet-friendly venue,Y,Y,,,,,Y,,,,,,,
SVC-CELEB-MILESTONE,Milestone Celebration,,,,"First travel, senior years, recovery milestones",Y,Y,,,,,,,,,,,,
SVC-CELEB-FESTIVE,Festive Celebration Planning,4000,,,"Diwali, Christmas, Holi celebrations with your pet",Y,Y,,,,,,,,,Y,,,
SVC-CELEB-SURPRISE,Surprise Coordination,,,,Surprise party or gift coordination for pet parents,Y,Y,,,,,,,,,,,,
SVC-CELEB-REMINDERS,Life Moment Tracking,0,,,"Automated reminders for birthdays, gotcha days, milestones",Y,Y,,,,,,,,,,,,
SVC-DINE-DISCOVER,Pet-Friendly Restaurant Discovery,0,,,Find the perfect restaurant that welcomes your pet,Y,,Y,,,,Y,,,,,,,
SVC-DINE-RESERVE,Reservation Assistance,200,,,We confirm pet acceptance and make the reservation,Y,,Y,,,,,,,,,,,
SVC-DINE-ETIQUETTE,Dining Etiquette Guidance,500,,,Tips and training for dining out with your pet,Y,,Y,,,,,,,,,,,
SVC-DINE-ADVISORY,Venue Suitability Advisory,0,,,Breed and size suitability check for venues,Y,,,,,,,,,,Y,,,
SVC-DINE-BACKUP,Backup Dining Alternatives,,,,Alternative options if plans change last minute,Y,,Y,,,,,,,,,,,
SVC-STAY-DISCOVER,Pet-Friendly Hotel Discovery,0,,,Find hotels and resorts that welcome your pet,Y,,,Y,Y,,,,,,,,,
SVC-STAY-VERIFY,Property Rule Verification,300,,,"Verify breed, size, and number restrictions",Y,,,Y,,,,,,,,,,
SVC-STAY-ADVISORY,Room Suitability Advisory,0,,,Recommend the right room type for your pet,Y,,,,,,,,,,Y,,,
SVC-STAY-LONGTERM,Long-Stay Assistance,,,,Serviced apartments and extended stay planning,Y,,,Y,,,,,,,,,,
SVC-STAY-BOARDING,Boarding Alternatives,800,,,"When hotel stays aren't possible, we find boarding",Y,,,Y,,Y,,,,,,,,
SVC-TRAVEL-AIRLINE,Airline Policy Interpretation,500,,,Route-specific pet policy guidance,Y,,,,Y,,,,,,,,,
SVC-TRAVEL-CABIN-CARGO,Cabin vs Cargo Advisory,300,,,Feasibility check based on pet size and route,Y,,,,,,,,,,Y,,,
SVC-TRAVEL-ROAD-RAIL,Train & Road Travel Planning,800,,,Complete road trip or train journey planning,Y,,,,Y,,,,,,Y,,,
SVC-TRAVEL-DESTINATION,Destination Pet Rules,400,,,Pet rules and requirements at your destination,Y,,,,Y,,,,,,,,,
SVC-TRAVEL-RELOCATE-DOM,Domestic Relocation Planning,5000,,,Complete domestic move with your pet,Y,,,,Y,,,,,Y,Y,,,
SVC-TRAVEL-RELOCATE-INTL,International Relocation,15000,,,International move with quarantine and documentation,Y,,,,Y,,,,,Y,,,,
SVC-TRAVEL-TRANSIT,Transit & Handling Guidance,1000,,,Airport handling and transit coordination,Y,,,,Y,,,,,,,,,
SVC-CARE-VET-GENERAL,Vet Consultation - General,600,,,General health checkup and consultation,Y,,,,,Y,,,,,Y,Y,,
SVC-CARE-VET-SPECIALTY,Vet Consultation - Specialty,1500,,,"Specialist consultation (dermatology, cardiology, etc.)",Y,,,,,Y,,,,,Y,Y,,
SVC-CARE-VET-HOME,Vet Visit - Home,1200,,,Vet comes to your home,Y,,,,,Y,,,,,,Y,,
SVC-CARE-GROOM-HOME,Home Grooming,1200,,,Groomer comes to your home,Y,,,,,Y,Y,,,,,,,
SVC-CARE-PREVENT,Preventive Care Reminders,0,,,"Vaccination, deworming, health check reminders",Y,,,,,Y,,,,,,,,
SVC-CARE-NUTRITION,Nutrition Guidance,800,,,Non-medical diet and nutrition planning,Y,,Y,,,Y,,,,,Y,,,
SVC-CARE-RECOVERY,Recovery Care Coordination,,,,Post-surgery or treatment care coordination,Y,,,,,Y,,,,,,,,
SVC-CARE-SENIOR,Senior Pet Care Planning,1500,,,Comprehensive care plan for senior pets,Y,,,,,,,,,,Y,,,
SVC-ENJOY-PARKS,Pet Parks Discovery,0,,,Find dog parks and open spaces near you,Y,,,,,,Y,,,,,,,
SVC-ENJOY-EVENTS,Pet Events & Experiences,500,,,"Pet-friendly events, meetups, experiences",Y,Y,,,,,Y,,,,,,,
SVC-ENJOY-SOCIAL,Socialisation Planning,800,,,Structured socialisation for puppies and shy dogs,Y,,,,,,,,,,Y,,,
SVC-ENJOY-WEEKEND,Weekend Outing Planning,400,,,Complete weekend activity plan with your pet,Y,,,,,,,,,,Y,,,
SVC-FIT-WALK-DAILY,Dog Walking - Daily,300,,,Daily dog walking service,Y,,,,,Y,,Y,,,,,,
SVC-FIT-ACTIVITY,Breed-Appropriate Activity Plan,1000,,,Customized exercise routine for your breed,Y,,,,,,,Y,,,,,,
SVC-FIT-INDOOR,Indoor Exercise Routines,800,,,Exercise plans for apartment living,Y,,,,,,,Y,,,,,,
SVC-FIT-OUTDOOR,Outdoor Exercise Sessions,500,,,Guided outdoor exercise and play,Y,,,,,,,Y,,,,,,
SVC-FIT-SENIOR,Senior Mobility Planning,1200,,,Gentle exercise for senior dogs,Y,,,,,,,,,,Y,,,
SVC-FIT-SWIM,Swimming Sessions,1000,,,Hydrotherapy and recreational swimming,Y,,,,,,,Y,,,,,,
SVC-LEARN-NEWPARENT,New Pet Parent Onboarding,1500,,,Everything you need to know as a first-time pet parent,Y,,,Y,,Y,,,,,,,,
SVC-LEARN-BREED,Breed Education Session,800,,,Understand your breed's needs and temperament,Y,,,,,,,,Y,,,,,
SVC-LEARN-PUPPY,Puppy Transition Guidance,2000,,,First 30 days with your new puppy,Y,,,,,,,,Y,,,,,
SVC-LEARN-SENIOR,Senior Pet Care Education,1000,,,Understanding and caring for aging pets,Y,,,,,,,,Y,,,,,
SVC-LEARN-BEHAVIOR,Behavior Understanding,1200,,,Learn to read and understand your pet's behavior,Y,,,,,,,,Y,,,,,
SVC-LEARN-TRAINING-ADV,Advanced Training,5000,,,Advanced commands and tricks,Y,,,,,Y,,Y,Y,,,,,
SVC-PAPER-REGISTER,Pet Registration Guidance,500,,,Help with local pet registration,Y,,,,,,,,,Y,,,,Y
SVC-PAPER-MICROCHIP,Microchipping Assistance,300,,,Microchip registration and documentation,Y,,,,,,,,,Y,,,,
SVC-PAPER-LICENSE,Licensing & Compliance,400,,,Local compliance and licensing guidance,Y,,,,,,,,,Y,,,,
SVC-PAPER-TRAVEL,Travel Documentation,1500,,,"Pet passport, health certificates, NOCs",Y,,,,Y,,,,,Y,Y,,,
SVC-PAPER-INSURANCE,Insurance Paperwork Advisory,300,,,Help with pet insurance documentation,Y,,,,,,,,,,Y,,,
SVC-PAPER-ADOPTION,Adoption Documentation,500,,,Adoption papers and transfer documentation,Y,,,,Y,,,,,Y,,,,Y
SVC-ADVISE-HOUSING,Housing & Society Advisory,500,,,Navigate pet rules in housing societies,Y,,,,,,,,,,Y,,,
SVC-ADVISE-MULTI,Multi-Pet Household Planning,1000,,,Adding another pet to your family,Y,,,,,,,,,,Y,,,
SVC-ADVISE-BEHAVIOR,Behavior Escalation Pathways,,,,Non-clinical behavior concern guidance,Y,,,,,,,,Y,,,,,
SVC-ADVISE-EOL,End-of-Life Preparation,,,,Planning for your pet's final chapter,Y,,,,,,,,,,Y,,,
SVC-EMERG-VET,Emergency Vet Discovery,0,,,Find nearest emergency vet immediately,Y,,,,,Y,,,,,,Y,,
SVC-EMERG-AFTER,After-Hours Care Guidance,0,,,Guidance when regular vets are closed,Y,,,,,,,,,,,Y,,
SVC-EMERG-RESPONSE,Accident & Poisoning Response,0,,,Immediate guidance for emergencies,Y,,,,,,,,,,,Y,,
SVC-EMERG-LOST,Lost Pet Response,,,,Coordination for lost pet recovery,Y,,,,,,,,,,,Y,,
SVC-EMERG-TRANSPORT,Emergency Transport,1500,,,Emergency pet ambulance coordination,Y,,,,Y,Y,,,,,,Y,,
SVC-FARE-EUTHANASIA,Euthanasia Coordination,,,,Vet-guided peaceful passing,Y,,,,,,,,,,,,Y,
SVC-FARE-CREMATION,Cremation & Burial,3000,,,Dignified final arrangements,Y,,,,,,,,,,,,Y,
SVC-FARE-MEMORIAL,Memorial & Remembrance,2000,,,Memorial planning and keepsakes,Y,,,,,,,,,,,,Y,
SVC-FARE-GRIEF,Grief Support Resources,0,,,Support during difficult times,Y,,,,,,,,,,,,Y,
SVC-ADOPT-DISCOVER,Ethical Adoption Discovery,0,,,Find verified shelters and rescues,Y,,,,,,,,,,,,,Y
SVC-ADOPT-SUITABILITY,Breed Suitability Advisory,500,,,Find the right breed for your lifestyle,Y,,,,,,,,,,Y,,,
SVC-ADOPT-READINESS,Adoption Readiness Planning,300,,,Are you ready for a pet?,Y,,,,,,,,,,Y,,,Y
SVC-ADOPT-HOME,Home Preparation Guidance,500,,,Prepare your home for a new pet,Y,,,,,,,,,,,,,Y
SVC-ADOPT-TRANSITION,First 30 Days Support,2000,,,Transition support for new adoptions,Y,,,,,,,,,,,,,Y
SVC-SHOP-PERSONAL,Personal Shopping Assistance,0,,,Help finding the right products,Y,,,,,,,,,,Y,,,
SVC-SHOP-EMERGENCY,Emergency Sourcing,,,,Urgent product sourcing,Y,,,,,Y,,,,,,Y,,
SVC-SHOP-VET-REC,Vet-Recommended Sourcing,200,,,Find specific vet-recommended products,Y,,,,,Y,,,,,,Y,,
SVC-SHOP-RELOCATE,Travel & Relocation Sourcing,500,,,All products needed for travel/move,Y,,,,Y,,,,,Y,Y,,,
SVC-CARE-TEST-CUSTOM-SERVICE,Test Custom Service UPDATED,1299.0,,,Updated description,Y,,,,,Y,,,,,,,,
TEST-SVC-5D8A3471,Updated Test Grooming Service,600.0,,,Updated description for testing,Y,,,,,Y,Y,,,,,,,
abee0bac-9551-42d4-99be-f69e91bd267e,Long Coat  Full Grooming  Complete Spa Day,1500,grooming,,,Y,,,,,Y,Y,,,,,,,
2dd76537-4583-4912-80cc-7a0715430abf,Short Coat  Express Grooming  Quick Refresh,800,grooming,,,Y,,,,,Y,Y,,,,,,,
8b890e95-3ea6-469d-8b48-854a504f6b8f,Curly Coat  Poodle Mix Grooming  Doodle Specialist,1800,grooming,,,Y,,,,,Y,Y,,,,,,,
1024f74b-5c74-480e-bbed-9731acb0e0d9,Small Breed  Puppy's First Groom  Gentle Introduction,600,grooming,,,Y,,,,,Y,Y,,,,,,,
de9405c2-449b-4ac3-9fc5-c0b6113521e7,Large Breed  Big Dog Bath  Home Service,1200,grooming,,,Y,,,,,Y,Y,,,,,,,
ac74cb79-b36a-402c-a195-1f4423998da5,High Energy  Obedience Training  Focus Building,8000,training,,,Y,,,,,Y,,Y,Y,,,,,
6aeae591-3da4-4973-a6c8-2b6755c1f2f7,Indie Dog  Street Dog Rehab  Urban Adjustment,10000,training,,,Y,,,,,Y,,Y,Y,,,,,
121ac3cd-02d2-41e8-9b7c-a2fbbad6b97f,Small Breed  Puppy Socialization  Early Learning,4000,training,,,Y,,,,,Y,,Y,Y,,,,,
64e5baf2-66a3-461d-b5b5-15191c7ca940,Anxious Dog  Behavior Modification  Calm Building,15000,training,,,Y,,,,,Y,,Y,Y,,,,,
83efaae5-32ed-4d97-b7f1-340b2bb18bc6,Scent Dog  Nose Work Training  Mental Exercise,5000,training,,,Y,,,,,Y,,Y,Y,,,,,
67efce7d-5801-41fd-961e-c82679989ea5,High Energy  Power Walk  Energy Drain,400,walking_sitting,,,Y,,,Y,,Y,,Y,,,,,,
16485ae2-e7d9-441c-b2a3-62b1a4b46d41,Small Breed  Gentle Walk  Leisurely Pace,300,walking_sitting,,,Y,,,Y,,Y,,Y,,,,,,
073943d0-cf28-40aa-8e26-efbed6c9f6b5,Large Breed  Adventure Walk  Trail Exploration,800,walking_sitting,,,Y,,,Y,,Y,,Y,,,,,,
737ec42d-639c-4ef8-b839-a1374f08299e,All Breeds  Pet Sitting  Home Care,800,walking_sitting,,,Y,,,Y,,Y,,Y,,,,,,
14b6c5b1-38bc-41b6-ac1b-363af4c60cfc,Small Breed  Lap Dog Sitter  Companion Care,1000,walking_sitting,,,Y,,,Y,,Y,,Y,,,,,,
e1cd76b4-3819-4db0-aa3d-fc355eef919b,Large Breed  Flight Crate Training  Travel Prep,5000,travel_handling,,,Y,,,,Y,Y,,Y,Y,,Y,,,
1dd18410-3731-497d-9102-4ed5551b7e94,Small Breed  Cabin Travel Prep  Fly With Me,3000,travel_handling,,,Y,,,,Y,,,,,,Y,,,
d22634c2-3ca2-49ae-9e95-8a506ad30a43,All Breeds  Road Trip Setup  Car Travel Ready,2000,travel_handling,,,Y,,,,Y,,,,,,Y,,,
a231db07-6203-48f1-916f-39dc170da2f6,Anxious Traveler  Travel Anxiety Support  Calm Journey,4000,travel_handling,,,Y,,,,Y,,,,,,Y,,,
f8aa5da4-0d44-47ec-b90d-a4e894b38ed9,All Breeds  Birthday Party Setup  Complete Celebration,5000,celebration_support,,,Y,Y,,,,,Y,,,,,,,
d6e9c387-3cf0-4f28-b16b-3c6d49bffaa6,All Breeds  Gotcha Day Surprise  Adoption Anniversary,2000,celebration_support,,,Y,Y,,,,,,,,,,,,Y
57d74757-d22f-4e70-ab8c-cd59ffa239a8,All Breeds  Photoshoot Coordination  Memory Capture,3000,celebration_support,,,Y,Y,,,,,,,,,,,,
5e23ba03-49ab-4cfe-a5be-2ef4f24241e4,Large Breed  Party Venue Booking  Space For Play,,celebration_support,,,Y,Y,,,,Y,Y,,,,,,,
1a7670a5-57fb-4f0f-a2b7-5807326b382a,All Breeds  Nutrition Consultation  Diet Planning,1500,care_support,,,Y,,Y,,,Y,,,,,Y,,,
d4484726-9605-48d4-908b-44a3238bf2e3,Senior Dog  Geriatric Care Plan  Golden Years,2500,care_support,,,Y,,,,,,,,,,Y,,,
c41b7b10-8d31-42c1-bc86-6aa3af73b69a,Large Breed  Joint Health Support  Mobility Care,3000,care_support,,,Y,,,,,Y,,,,,,,,
fa71748c-c72a-4b89-9099-9c3e44b0cd7f,Sensitive Skin  Allergy Management  Comfort Plan,4000,care_support,,,Y,,,,,Y,,,,,,,,
92bec617-1ab1-43d3-8415-dfcbe900296b,Post-Surgery  Recovery Support  Healing Help,,care_support,,,Y,,,,,,,,,,,Y,,
care-svc-8ad65147,Puppy Training Programme,,training,,Foundation training for puppies aged 8 weeks to 6 months.,Y,,,,,Y,,Y,Y,,,,,
care-svc-6db53eb2,Anxiety & Behaviour Therapy,,training,,"Specialized programme for anxiety, reactivity, and behavioural issues.",Y,,,,,Y,,Y,Y,,,,,
care-svc-1541bac1,Pet Sitting (Day),,walking,,Daytime pet sitting at your home or sitter's home.,Y,,,Y,,Y,,Y,,,,,,
care-svc-85955aa3,Overnight Pet Sitting,,walking,,Overnight care at your home with bedtime routine and morning walks.,Y,,,Y,,Y,,Y,,,,,,
care-svc-f7f6d143,Vet Visit Coordination,,health,,"We find the right vet, book the appointment, and manage your records.",Y,,,,,Y,,,,,,Y,,
care-svc-9986120f,Emergency Support Line,,health,,24/7 emergency support with vet locator and transport coordination.,Y,,,,,Y,,,,,,Y,,
care-svc-920db090,Senior Pet Wellness Check,,health,,Comprehensive wellness assessment for senior pets (7+ years).,Y,,,,,Y,,Y,,,,,,
care-vet-002,Home Vet Visit,,vet,,Veterinarian visits your home for check-up and basic treatments.,Y,,,,,Y,,,,,,Y,,
care-wellness-001,Wellness Check-up,,wellness,,Complete health screening with blood work and physical examination.,Y,,,,,Y,,Y,,,,,,
groom-dc4393fd,Spa Day Experience,,premium,,Luxury spa treatment with aromatherapy and massage,Y,,,,,Y,Y,,,,,,,
